-8.14697981115 2
-8.33228183003 3
-8.49905364703 3
-8.64914828233 3
-8.78423345409 3
-8.90581010868 3
-9.01522909782 2
-9.11370618803 3
-9.20233556923 3
-7.94108867905 2
-8.90581010868 2
-9.28210201231 0
-7.7123207545 2
-7.94108867905 3
-8.14697981115 3
-8.33228183003 3
-8.49905364703 3
-8.64914828233 3
-8.78423345409 3
-9.35389181108 0
-7.45813417167 2
-8.33228183003 0
-9.41850262997 0
-7.17570463519 2
-8.49905364703 0
-8.64914828233 3
-8.78423345409 3
-9.57608841725 1
-9.52898713028 1
-9.47665236697 0
-6.8618940391 2
-8.64914828233 0
-9.52898713028 0
-6.513215599 2
-8.78423345409 0
-1.9 1
-1.0 1
0.0 -1
-9.57608841725 0
-6.12579511 2
-2.71 0
-9.61847957552 0
-5.6953279 1
-5.217031 1
-4.68559 1
-4.0951 1
-3.439 0
-4.0951 3
-4.68559 3
-9.65663161797 0
iterations 19
