-9.982029897 1
-9.98003321889 1
-9.97781468766 1
-9.97534965295 1
-9.9726107255 2
-9.97534965295 3
-9.97781468766 3
-9.982029897 2
-9.9838269073 3
-9.98544421657 3
-9.982029897 2
-9.99044995049 2
-9.99140495544 3
-9.9922644599 2
-9.99303801391 3
-9.99373421252 3
-9.99044995049 2
-9.99140495544 3
-9.9922644599 3
-9.99303801391 3
-9.99373421252 3
-9.99436079127 3
-9.99492471214 3
-9.98820981542 2
-9.99044995049 2
-9.99492471214 1
-9.99436079127 1
-9.99373421252 2
-9.982029897 2
-9.97781468766 2
-9.97534965295 2
-9.96956747278 2
-9.98003321889 2
-9.98003321889 2
-9.98938883388 2
-9.99140495544 2
-9.98938883388 2
-9.99303801391 0
-9.99436079127 0
-9.98689979491 2
-9.98938883388 2
-9.99303801391 2
-9.98003321889 2
-9.97534965295 2
-9.96618608086 2
-9.9726107255 2
-9.96618608086 2
-9.982029897 1
-9.98003321889 1
-9.97781468766 1
-9.97534965295 1
-9.9726107255 2
-9.97534965295 3
-9.97781468766 3
-9.98820981542 2
-9.99044995049 1
-9.98938883388 1
-9.98820981542 1
-9.98689979491 2
-9.98820981542 3
-9.99373421252 0
-9.99492471214 0
-9.982029897 2
-9.98544421657 2
-9.98820981542 2
-9.98938883388 3
-9.99044995049 3
-9.99140495544 3
-9.9922644599 3
-9.97781468766 1
-9.97534965295 1
-9.9726107255 2
-9.96242897874 2
-9.96956747278 2
-9.96242897874 2
-9.98003321889 0
-9.96956747278 2
-9.98003321889 0
-9.98689979491 2
-9.98544421657 2
-9.98003321889 2
-9.9838269073 2
-9.98689979491 2
-9.99140495544 0
-9.96956747278 2
-9.95825442082 2
-9.96618608086 1
-9.96242897874 1
-9.95825442082 2
-9.96618608086 2
-9.982029897 0
-9.96618608086 2
-9.982029897 0
-9.9838269073 3
-9.98544421657 3
-9.98689979491 3
-9.98820981542 3
-9.98544421657 1
-9.9838269073 1
-9.982029897 1
-9.98003321889 1
-9.97781468766 2
-9.9726107255 2
-9.97534965295 3
-9.97781468766 3
-9.98003321889 3
-9.982029897 3
-9.9838269073 3
-9.98544421657 3
-9.9922644599 0
-9.94846224793 2
-9.95825442082 2
-9.96618608086 2
-9.95361602313 2
-9.95361602313 2
-9.96242897874 2
-9.96242897874 2
-9.98003321889 2
-9.97534965295 2
-9.96956747278 2
-9.94273583103 2
-9.95361602313 2
-9.96242897874 2
-9.94846224793 1
-9.94273583103 1
-9.93637314559 2
-9.94846224793 2
-9.95825442082 2
-9.96242897874 3
-9.96618608086 1
-9.96242897874 1
-9.95825442082 1
-9.95361602313 1
-9.94846224793 2
-9.95361602313 3
-9.95825442082 3
-9.96242897874 3
-9.96618608086 3
-9.96956747278 3
-9.9726107255 3
-9.97534965295 3
-9.97781468766 1
-9.97534965295 1
-9.9726107255 1
-9.96956747278 1
-9.96618608086 1
-9.96242897874 1
-9.95825442082 1
-9.95361602313 1
-9.94846224793 1
-9.94273583103 1
-9.93637314559 1
-9.9293034951 1
-9.92144832789 2
-9.9293034951 3
-9.93637314559 3
-9.94273583103 3
-9.94846224793 3
-9.95361602313 3
-9.95825442082 2
-9.9293034951 2
-9.94273583103 2
-9.95361602313 2
-9.94273583103 2
-9.9726107255 0
-9.95361602313 0
-9.91272036432 2
-9.95361602313 2
-9.93637314559 1
-9.9293034951 1
-9.92144832789 2
-9.9293034951 3
-9.93637314559 3
-9.94273583103 3
-9.94846224793 3
-9.95361602313 3
-9.95825442082 3
-9.94846224793 1
-9.94273583103 1
-9.93637314559 2
-9.92144832789 2
-9.90302262702 1
-9.89224736336 1
-9.88027484817 1
-9.86697205353 1
-9.85219117059 2
-9.81751996369 2
-9.77471600455 2
-9.81751996369 2
-9.95825442082 0
-9.88027484817 2
-9.89224736336 3
-9.90302262702 3
-9.91272036432 3
-9.92144832789 3
-9.9293034951 3
-9.93637314559 3
-9.94273583103 3
-9.94846224793 3
-9.9293034951 2
-9.91272036432 2
-9.95361602313 0
-9.9293034951 2
-9.91272036432 2
-9.83576796732 2
-9.7972444041 2
-9.7496844495 2
-9.7972444041 2
-9.86697205353 2
-9.92144832789 2
-9.90302262702 2
-9.96618608086 1
-9.96242897874 1
-9.95825442082 0
-9.96242897874 3
-9.96618608086 3
-9.93637314559 1
-9.9293034951 1
-9.92144832789 1
-9.91272036432 1
-9.90302262702 1
-9.89224736336 1
-9.88027484817 1
-9.86697205353 1
-9.85219117059 1
-9.83576796732 1
-9.81751996369 1
-9.7972444041 1
-9.77471600455 1
-9.7496844495 1
-9.72187161056 2
-9.7496844495 3
-9.77471600455 2
-9.7972444041 3
-9.81751996369 3
-9.83576796732 3
-9.85219117059 3
-9.86697205353 3
-9.88027484817 3
-9.93637314559 2
-9.94273583103 3
-9.94846224793 3
-9.95361602313 3
-9.95825442082 3
-9.91272036432 2
-9.89224736336 2
-9.96956747278 0
-9.96956747278 0
-9.91272036432 0
-9.89224736336 0
-9.86697205353 0
-9.83576796732 0
-9.7972444041 0
-9.69096845617 2
-9.7496844495 2
-9.83576796732 0
-9.86697205353 0
-9.9293034951 2
-9.95361602313 0
-9.90302262702 1
-9.89224736336 1
-9.88027484817 2
-9.9726107255 0
-9.81751996369 2
-9.9726107255 0
-9.72187161056 2
-9.65663161797 2
-9.92144832789 0
-9.90302262702 0
-9.88027484817 0
-9.86697205353 1
-9.85219117059 0
-9.81751996369 0
-9.65663161797 2
-9.72187161056 2
-9.85219117059 0
-9.88027484817 0
-9.93637314559 1
-9.9293034951 1
-9.92144832789 2
-9.95825442082 0
-9.96242897874 3
-9.96618608086 3
-9.89224736336 2
-9.86697205353 2
-9.7972444041 2
-9.69096845617 2
-9.61847957552 2
-9.65663161797 2
-9.85219117059 1
-9.83576796732 0
-9.61847957552 2
-9.69096845617 2
-9.86697205353 0
-9.86697205353 2
-9.91272036432 2
-9.96956747278 0
-9.88027484817 2
-9.85219117059 1
-9.83576796732 1
-9.81751996369 1
-9.7972444041 1
-9.77471600455 1
-9.7496844495 1
-9.72187161056 1
-9.69096845617 1
-9.65663161797 1
-9.61847957552 1
-9.57608841725 2
-9.61847957552 3
-9.65663161797 1
-9.61847957552 1
-9.57608841725 1
-9.52898713028 1
-9.47665236697 1
-9.41850262997 1
-9.35389181108 2
-9.85219117059 0
-9.57608841725 2
-9.61847957552 3
-9.65663161797 3
-9.88027484817 0
-9.86697205353 1
-9.85219117059 2
-9.88027484817 2
-9.89224736336 3
-9.90302262702 2
-9.91272036432 3
-9.92144832789 3
-9.9726107255 0
-9.86697205353 2
-9.86697205353 0
-9.69096845617 0
-9.52898713028 2
-9.28210201231 2
-9.52898713028 2
-9.69096845617 0
-9.83576796732 2
-9.86697205353 2
-9.89224736336 2
-9.9293034951 0
-9.97534965295 0
-9.85219117059 2
-9.86697205353 3
-9.88027484817 0
-9.86697205353 1
-9.85219117059 1
-9.83576796732 1
-9.81751996369 1
-9.7972444041 1
-9.77471600455 1
-9.7496844495 1
-9.72187161056 0
-9.47665236697 1
-9.41850262997 1
-9.35389181108 1
-9.28210201231 1
-9.20233556923 1
-9.11370618803 1
-9.01522909782 2
-9.11370618803 3
-9.20233556923 3
-9.28210201231 3
-9.35389181108 3
-9.41850262997 3
-9.47665236697 3
-9.72187161056 0
-9.7496844495 3
-9.77471600455 3
-9.7972444041 3
-9.81751996369 3
-9.83576796732 3
-9.85219117059 3
-9.86697205353 3
-9.88027484817 3
-9.93637314559 0
-9.97781468766 0
-9.83576796732 2
-9.86697205353 0
-9.7496844495 0
-9.52898713028 0
-9.41850262997 0
-8.90581010868 2
-9.47665236697 0
-9.7972444041 0
-9.83576796732 0
-9.982029897 1
-9.98003321889 0
-9.81751996369 2
-9.90302262702 1
-9.89224736336 1
-9.88027484817 0
-9.89224736336 3
-9.90302262702 3
-9.91272036432 3
-9.92144832789 3
-9.77471600455 0
-9.57608841725 0
-9.47665236697 0
-9.52898713028 3
-9.57608841725 3
-8.78423345409 2
-9.01522909782 2
-9.11370618803 3
-9.20233556923 3
-9.01522909782 2
-9.20233556923 2
-9.81751996369 0
-9.85219117059 0
-9.72187161056 2
-9.7496844495 3
-9.77471600455 3
-9.7972444041 3
-9.81751996369 3
-9.982029897 0
-9.7972444041 2
-9.9293034951 0
-9.7972444041 0
-9.52898713028 0
-9.61847957552 0
-8.64914828233 2
-8.90581010868 2
-8.90581010868 2
-9.11370618803 2
-9.69096845617 2
-9.77471600455 1
-9.7496844495 1
-9.72187161056 2
-9.65663161797 2
-9.69096845617 3
-9.72187161056 3
-9.93637314559 0
-9.81751996369 0
-9.20233556923 2
-9.57608841725 0
-9.65663161797 0
-8.49905364703 2
-8.78423345409 2
-8.49905364703 2
-8.78423345409 2
-9.01522909782 2
-9.11370618803 3
-9.20233556923 2
-9.72187161056 1
-9.69096845617 1
-9.65663161797 1
-9.61847957552 1
-9.57608841725 2
-9.61847957552 3
-9.65663161797 3
-9.69096845617 3
-9.72187161056 3
-9.7972444041 0
-9.69096845617 2
-9.61847957552 2
-9.11370618803 2
-8.33228183003 2
-8.64914828233 2
-8.33228183003 2
-8.49905364703 3
-8.64914828233 2
-8.90581010868 2
-9.11370618803 2
-9.52898713028 2
-9.7496844495 0
-9.77471600455 2
-9.65663161797 1
-9.61847957552 1
-9.57608841725 1
-9.52898713028 1
-9.47665236697 1
-9.41850262997 1
-9.35389181108 1
-9.28210201231 1
-9.20233556923 1
-9.11370618803 1
-9.01522909782 1
-8.90581010868 1
-8.78423345409 2
-8.90581010868 3
-9.01522909782 3
-8.14697981115 2
-8.33228183003 3
-8.49905364703 1
-8.33228183003 1
-8.14697981115 2
-8.49905364703 2
-8.64914828233 3
-8.78423345409 3
-9.01522909782 2
-9.11370618803 3
-9.20233556923 3
-9.35389181108 2
-9.41850262997 3
-9.47665236697 3
-9.52898713028 3
-9.57608841725 3
-9.77471600455 0
-9.7496844495 2
-9.41850262997 0
-8.90581010868 2
-8.64914828233 2
-7.94108867905 2
-7.94108867905 2
-8.33228183003 2
-8.90581010868 2
-9.28210201231 2
-9.61847957552 0
-9.7972444041 0
-9.72187161056 1
-9.69096845617 1
-9.65663161797 1
-9.61847957552 1
-9.57608841725 1
-9.52898713028 1
-9.47665236697 1
-9.41850262997 1
-9.35389181108 1
-9.28210201231 1
-9.20233556923 2
-8.78423345409 1
-8.64914828233 1
-8.49905364703 2
-8.64914828233 3
-8.78423345409 3
-7.7123207545 2
-7.17570463519 2
-7.45813417167 3
-7.7123207545 3
-7.94108867905 3
-8.14697981115 2
-8.33228183003 3
-8.49905364703 2
-8.64914828233 3
-8.78423345409 3
-8.90581010868 3
-9.01522909782 3
-9.11370618803 3
-9.20233556923 3
-9.57608841725 2
-9.65663161797 0
-9.81751996369 0
-9.7496844495 0
-9.69096845617 0
-9.11370618803 2
-8.33228183003 2
-7.45813417167 2
-6.8618940391 2
-7.94108867905 2
-8.33228183003 2
-9.11370618803 0
-9.52898713028 2
-9.77471600455 0
-9.7496844495 1
-9.72187161056 0
-9.7496844495 3
-9.77471600455 3
-9.35389181108 1
-9.28210201231 1
-9.20233556923 1
-9.11370618803 1
-9.01522909782 1
-8.90581010868 1
-8.78423345409 2
-8.14697981115 1
-7.94108867905 1
-7.7123207545 1
-7.45813417167 1
-7.17570463519 1
-6.8618940391 1
-6.513215599 2
-6.8618940391 3
-7.17570463519 2
-7.7123207545 2
-7.94108867905 3
-8.14697981115 3
-8.33228183003 3
-8.49905364703 3
-9.20233556923 0
-9.28210201231 3
-9.35389181108 3
-9.41850262997 3
-9.47665236697 3
-9.72187161056 2
-9.7496844495 3
-9.77471600455 3
-9.7496844495 0
-9.28210201231 0
-8.64914828233 1
-8.49905364703 1
-8.33228183003 0
-6.12579511 2
-6.8618940391 2
-7.45813417167 2
-8.33228183003 0
-9.52898713028 0
-9.69096845617 2
-9.81751996369 1
-9.7972444041 1
-9.77471600455 0
-9.57608841725 1
-9.52898713028 1
-9.47665236697 1
-9.41850262997 1
-9.35389181108 0
-9.35389181108 2
-8.78423345409 0
-8.49905364703 0
-8.64914828233 3
-8.78423345409 3
-8.90581010868 3
-9.01522909782 3
-5.6953279 2
-6.513215599 2
-7.17570463519 2
-8.49905364703 0
-8.64914828233 3
-8.78423345409 3
-8.90581010868 3
-9.01522909782 3
-9.11370618803 3
-9.20233556923 3
-9.57608841725 0
-9.61847957552 3
-9.65663161797 3
-9.69096845617 3
-9.72187161056 3
-9.83576796732 0
-9.7496844495 2
-9.61847957552 0
-9.52898713028 0
-9.28210201231 2
-8.90581010868 0
-8.64914828233 0
-9.01522909782 0
-5.217031 2
-5.6953279 3
-6.12579511 3
-6.8618940391 2
-8.64914828233 0
-8.90581010868 0
-9.28210201231 0
-9.61847957552 0
-9.85219117059 0
-9.72187161056 1
-9.69096845617 1
-9.65663161797 0
-9.57608841725 0
-9.35389181108 1
-9.28210201231 1
-9.20233556923 1
-9.11370618803 1
-9.01522909782 0
-8.78423345409 0
-8.90581010868 3
-9.01522909782 3
-3.439 2
-4.68559 2
-6.513215599 0
-6.8618940391 1
-6.513215599 2
-8.78423345409 0
-9.01522909782 0
-9.11370618803 3
-9.20233556923 3
-9.28210201231 3
-9.35389181108 0
-9.65663161797 0
-9.69096845617 3
-9.72187161056 3
-9.7496844495 3
-9.77471600455 3
-9.86697205353 0
-9.7496844495 0
-9.41850262997 0
-8.90581010868 0
-9.11370618803 0
-2.71 2
-4.0951 2
-6.12579511 2
-9.11370618803 0
-9.28210201231 0
-9.72187161056 1
-9.69096845617 0
-9.7496844495 0
-9.88027484817 0
-9.77471600455 0
-9.85219117059 2
-9.86697205353 3
-9.88027484817 3
-9.47665236697 0
-9.35389181108 1
-9.28210201231 1
-9.20233556923 1
-9.11370618803 1
-9.01522909782 0
-9.20233556923 0
-1.9 2
-2.71 3
-3.439 3
-4.0951 3
-4.68559 3
-5.217031 3
-5.6953279 3
-6.12579511 3
-6.513215599 3
-9.20233556923 0
-9.35389181108 0
-9.41850262997 3
-9.47665236697 3
-9.72187161056 0
-9.77471600455 0
-9.7972444041 3
-9.81751996369 3
-9.7972444041 0
-9.83576796732 2
-9.72187161056 2
-9.28210201231 0
-9.11370618803 0
-1.0 2
-4.0951 0
-6.8618940391 0
-9.47665236697 1
-9.41850262997 0
-9.52898713028 0
-9.7972444041 0
-9.83576796732 0
-9.85219117059 1
-9.83576796732 1
-9.81751996369 0
-9.83576796732 1
-9.81751996369 1
-9.7972444041 1
-9.77471600455 1
-9.7496844495 1
-9.72187161056 1
-9.69096845617 2
-9.72187161056 3
-9.35389181108 0
-9.20233556923 0
-1.9 1
-1.0 1
0.0 -1
-4.68559 0
-5.217031 3
-5.6953279 3
-6.12579511 3
-6.513215599 3
-7.17570463519 0
-7.45813417167 3
-7.7123207545 3
-9.47665236697 0
-9.57608841725 0
-9.61847957552 3
-9.65663161797 3
-9.81751996369 0
-9.85219117059 0
-9.83576796732 0
-9.7496844495 2
-9.65663161797 2
-9.41850262997 0
-9.28210201231 0
-1.0 0
-4.0951 2
-7.45813417167 0
-7.94108867905 0
-9.52898713028 0
-9.61847957552 0
-9.85219117059 1
-9.83576796732 1
-9.81751996369 1
-9.7972444041 1
-9.77471600455 1
-9.7496844495 1
-9.72187161056 1
-9.69096845617 1
-9.65663161797 1
-9.61847957552 1
-9.57608841725 1
-9.52898713028 1
-9.47665236697 0
-9.41850262997 1
-9.35389181108 0
-9.41850262997 3
-9.47665236697 3
-1.9 0
-2.71 3
-3.439 3
-4.0951 3
-4.68559 3
-8.14697981115 1
-7.94108867905 1
-7.7123207545 0
-8.14697981115 0
-9.57608841725 0
-9.65663161797 0
-9.69096845617 3
-9.72187161056 3
-9.85219117059 2
-9.86697205353 3
-9.88027484817 3
-9.86697205353 0
-9.7972444041 0
-9.7496844495 0
-9.61847957552 0
-9.52898713028 0
-8.33228183003 0
-7.94108867905 0
-8.33228183003 0
-9.69096845617 0
-9.7496844495 0
-9.83576796732 2
-9.88027484817 0
-9.89224736336 3
-9.90302262702 3
-9.81751996369 0
-9.77471600455 0
-9.7972444041 3
-9.81751996369 3
-9.65663161797 0
-9.69096845617 3
-9.72187161056 3
-9.7496844495 3
-9.77471600455 3
-9.57608841725 0
-9.61847957552 3
-9.65663161797 3
-9.69096845617 3
-9.72187161056 3
-8.78423345409 1
-8.64914828233 1
-8.49905364703 0
-8.14697981115 0
-8.49905364703 0
-8.64914828233 3
-8.78423345409 3
-9.72187161056 0
-9.7496844495 3
-9.77471600455 0
-9.7972444041 3
-9.81751996369 3
-9.83576796732 3
-9.85219117059 3
iterations 59
