-2416.95295378987 1
-2415.95295378987 1
-2412.95295378987 1
-2399.95295378987 1
-2384.95295378988 1
-2367.95295378988 1
-2348.95295378988 1
-2327.09671671531 1
-2303.24047964075 1
-2277.38424256618 1
-2249.52800549162 1
-2219.67176841705 1
-2187.81553134249 2
-1092.69087384248 1
-1037.51815538182 1
-980.34543692117 2
-4.0 2
-2419.95295378987 0
-2348.80919086445 0
-2153.95929426793 0
-1145.86359230313 0
-921.17271846051 0
-3.0 0
-2428.95295378987 1
-2427.95295378987 1
-2424.95295378987 0
-2350.66542793902 1
-2349.66542793902 1
-2346.66542793902 0
-2252.38212907352 2
-2156.38635605888 2
-2118.10305719336 0
-1197.03631076379 0
-1029.51815538182 1
-859.99999999986 0
-430.99999999993 1
0.0 -1
-2338.52166501359 0
-2251.38212907352 0
-2155.38635605888 0
-2080.2468201188 0
-1412.72718460641 0
-1054.30912615717 0
-3767.83671169269 2
-2382.08614925195 1
-2381.08614925195 1
-2378.08614925195 1
-2354.23202567006 1
-2328.37790208816 0
-2289.38001558084 1
-2248.38212907352 0
-2201.3842425662 1
-2152.38635605888 0
-2097.38846955156 1
-2040.39058304424 0
-1834.40432074663 1
-1626.41805844903 0
-1246.61825231448 0
-1641.2365046291 2
-3766.83671169269 0
-2395.94027283385 0
-2145.52272175996 0
-1629.12266999405 0
-1436.92737847179 0
-1640.2365046291 0
-3763.83671169269 0
-3724.8367116927 2
-2411.79439641574 0
-2425.64851999764 1
-2437.50264357953 1
-2443.35676716143 1
-2447.21089074333 1
-2449.06501432523 1
-2448.91913790712 1
-2349.7869991914 1
-2248.65486047568 0
-1629.82728153907 0
-1628.53189308408 1
-1625.2365046291 0
-1632.2365046291 1
-1637.2365046291 0
-3758.83671169269 0
-3723.8367116927 0
-2440.50264357953 0
-2544.90540020474 0
-1799.25024233143 0
-3751.83671169269 0
-3737.33671169269 1
-3720.8367116927 0
-3698.3367116927 1
-3673.83671169271 2
-2441.50264357953 0
-2642.89166250237 1
-2641.89166250237 1
-2638.89166250237 0
-2641.89166250237 1
-2642.89166250237 3
-2786.02920322307 2
-1971.26398003376 0
-1978.26398003376 1
-1983.26398003376 2
-3756.33671169269 0
-3647.33671169271 0
-2722.87792479999 0
-2785.02920322307 0
-2133.2777177361 0
-1986.26398003376 0
-3758.83671169269 0
-3622.83671169272 1
-3621.83671169272 1
-3618.83671169272 0
-3545.83671169274 1
-3470.83671169275 2
-2808.86418709761 1
-2807.86418709761 1
-2804.86418709761 0
-2874.43295745797 2
-2782.02920322307 0
-2293.29145543843 0
-1987.26398003376 0
-3759.33671169269 0
-3656.33671169271 0
-3393.83671169277 0
-2880.85044939524 0
-2873.43295745797 0
-2777.02920322307 0
-2451.30519314076 0
-3757.83671169269 0
-3754.33671169269 1
-3748.83671169269 1
-3721.3367116927 1
-3691.8367116927 0
-3314.83671169278 0
-3229.8367116928 1
-3142.83671169282 1
-3049.83671169284 1
-2954.83671169286 0
-2913.63483457541 1
-2870.43295745797 0
-2821.23108034052 1
-2770.02920322307 0
-2689.67406703308 1
-2607.31893084309 0
-2610.31893084309 1
-2611.31893084309 3
-3767.83671169269 0
-3694.8367116927 0
-3317.83671169278 0
-3145.83671169282 0
-2971.02485110795 0
-2788.18246229562 0
-2673.97753235544 0
-3836.83671169267 2
-3784.83671169269 0
-3695.8367116927 0
-3318.83671169278 0
-3146.83671169282 0
-2985.21299052305 0
-2808.33572136816 1
-2807.33572136816 1
-2804.33572136816 0
-2772.48592761797 1
-2738.63613386778 0
-2741.63613386778 1
-2742.63613386778 3
-3835.83671169267 0
-3799.83671169268 0
-2997.40112993814 0
-2845.3387741909 0
-2762.44494162993 0
-3832.83671169267 0
-3823.83671169268 1
-3812.83671169268 0
-3119.58926935321 1
-3112.58926935321 1
-3103.58926935321 1
-3082.58926935322 1
-3059.58926935322 1
-3034.58926935323 1
-3007.58926935323 0
-2979.77740876834 1
-2949.96554818344 1
-2918.15368759854 1
-2884.34182701364 0
-2784.25374939209 0
-2804.06255715424 1
-2821.8713649164 2
-3835.83671169267 0
-3124.58926935321 0
-3112.58926935321 0
-3014.58926935323 0
-2886.53301925148 0
-2837.68017267855 0
-3836.83671169267 0
-3131.58926935321 1
-3130.58926935321 1
-3127.58926935321 0
-3124.58926935321 1
-3119.58926935321 0
-3023.58926935323 1
-3022.58926935323 1
-3019.58926935323 0
-2890.72421148933 1
-2889.72421148933 1
-2886.72421148933 0
-2880.91540372717 1
-2873.10659596502 1
-2863.29778820286 1
-2851.4889804407 0
iterations 43253
