-9.95825442082 2
-9.94846224793 2
-9.93637314559 1
-9.9293034951 1
-9.92144832789 1
-9.91272036432 1
-9.90302262702 1
-9.89224736336 1
-9.88027484817 1
-9.86697205353 1
-9.85219117059 1
-9.83576796732 1
-9.81751996369 2
-9.85219117059 2
-9.88027484817 2
-9.89224736336 3
-9.90302262702 2
-9.94846224793 1
-9.94273583103 1
-9.93637314559 2
-9.96618608086 2
-9.96956747278 3
-9.9726107255 3
-9.98820981542 1
-9.98689979491 1
-9.98544421657 2
-9.98689979491 3
-9.98820981542 3
-9.99044995049 2
-9.99140495544 3
-9.9922644599 2
-9.99303801391 3
-9.99373421252 2
-9.99436079127 3
-9.99492471214 3
-9.99543224093 3
-9.99588901683 3
-9.99630011515 3
-9.99667010363 3
-9.9996720815 1
-9.99963564611 1
-9.99959516234 2
-9.99978485267 1
-9.99976094741 1
-9.99973438601 2
-9.99997881292 1
-9.9999764588 1
-9.99997384311 1
-9.99997093679 1
-9.99996770754 1
-9.99996411949 1
-9.99996013277 2
-9.99996411949 3
-9.99996770754 3
-9.99997093679 3
-9.99997384311 3
-9.99997881292 2
-9.99999989081 1
-9.99999987867 1
-9.99999986519 1
-9.99999985021 1
-9.99999983357 1
-9.99999981508 1
-9.99999979453 2
-9.99999974634 2
-9.9999997717 3
-9.99999979453 3
-9.99999974634 1
-9.99999971815 1
-9.99999968684 1
-9.99999965204 1
-9.99999961338 2
-9.99999965204 3
-9.99999968684 2
-9.99999974634 2
-9.99999998361 1
-9.99999998179 1
-9.99999997977 1
-9.99999997752 1
-9.99999997502 1
-9.99999997224 1
-9.99999996916 2
-9.95361602313 2
-9.94273583103 2
-9.88027484817 2
-9.86697205353 0
-9.7972444041 2
-9.83576796732 2
-9.86697205353 2
-9.89224736336 2
-9.9293034951 2
-9.96242897874 2
-9.9838269073 2
-9.98938883388 2
-9.99140495544 2
-9.99303801391 2
-9.99543224093 0
-9.99630011515 0
-9.99700309327 0
-9.99955018038 2
-9.9998063674 0
-9.99970487335 2
-9.9999764588 2
-9.99995570307 2
-9.99997093679 0
-9.9999764588 2
-9.99999987867 0
-9.99999985021 0
-9.9999997717 2
-9.99999971815 2
-9.99999957042 2
-9.99999965204 2
-9.99999971815 2
-9.99999996573 2
-9.94846224793 1
-9.94273583103 1
-9.93637314559 1
-9.9293034951 1
-9.92144832789 1
-9.91272036432 1
-9.90302262702 1
-9.89224736336 1
-9.88027484817 1
-9.86697205353 1
-9.85219117059 2
-9.88027484817 0
-9.77471600455 2
-9.7972444041 3
-9.81751996369 3
-9.85219117059 2
-9.86697205353 3
-9.88027484817 3
-9.89224736336 3
-9.90302262702 3
-9.91272036432 3
-9.92144832789 3
-9.95825442082 2
-9.96618608086 2
-9.98544421657 1
-9.9838269073 1
-9.982029897 2
-9.99044995049 1
-9.98938883388 1
-9.98820981542 2
-9.98938883388 3
-9.99044995049 3
-9.99140495544 3
-9.9922644599 3
-9.99588901683 0
-9.99630011515 3
-9.99667010363 0
-9.99730278394 0
-9.99959516234 1
-9.99955018038 1
-9.99950020042 2
-9.99982573066 0
-9.9996720815 2
-9.99997384311 1
-9.99997093679 1
-9.99996770754 1
-9.99996411949 1
-9.99996013277 1
-9.99995570307 1
-9.99995078119 2
-9.99997384311 0
-9.99996770754 2
-9.99997093679 3
-9.99997384311 3
-9.99999991155 1
-9.99999990173 1
-9.99999989081 0
-9.99999986519 0
-9.99999974634 2
-9.99999968684 2
-9.99999961338 1
-9.99999957042 1
-9.99999952269 2
-9.99999941073 2
-9.99999952269 2
-9.99999957042 3
-9.99999961338 3
-9.99999965204 3
-9.99999968684 3
-9.99999974634 2
-9.9999997717 3
-9.99999979453 3
-9.99999981508 3
-9.99999983357 3
-9.99999996193 2
-9.94273583103 0
-9.9293034951 0
-9.83576796732 2
-9.7496844495 2
-9.83576796732 2
-9.9293034951 0
-9.95361602313 2
-9.96242897874 2
-9.98003321889 2
-9.98689979491 2
-9.99757250555 0
-9.99944466713 2
-9.9996720815 1
-9.99963564611 2
-9.99994531244 2
-9.99996411949 2
-9.9999764588 0
-9.9999999204 0
-9.99999971815 2
-9.99999965204 2
-9.99999957042 2
-9.99999946965 2
-9.99999934525 2
-9.99999946965 2
-9.99999971815 2
-9.99999981508 0
-9.9999999577 2
-7.17570463519 2
-9.94846224793 0
-9.93637314559 0
-9.88027484817 2
-9.85219117059 1
-9.83576796732 1
-9.81751996369 2
-9.77471600455 1
-9.7496844495 1
-9.72187161056 2
-9.7496844495 3
-9.77471600455 3
-9.7972444041 3
-9.81751996369 3
-9.95825442082 1
-9.95361602313 1
-9.94846224793 1
-9.94273583103 1
-9.93637314559 0
-9.94273583103 3
-9.94846224793 3
-9.95361602313 3
-9.95825442082 3
-9.9726107255 2
-9.97534965295 3
-9.97781468766 3
-9.98003321889 3
-9.982029897 3
-9.9838269073 3
-9.98544421657 3
-9.98689979491 3
-9.98820981542 3
-9.98938883388 3
-9.99044995049 3
-9.99781525499 2
-9.99823035655 1
-9.9980337295 1
-9.99781525499 0
-9.99950020042 2
-9.99938296348 2
-9.99944466713 3
-9.99950020042 3
-9.99959516234 2
-9.99996770754 2
-9.99996013277 2
-9.99995078119 2
-9.99993923604 2
-9.99995078119 2
-9.99995570307 3
-9.99996013277 3
-9.99997881292 0
-9.99999992836 0
-9.99999979453 1
-9.9999997717 1
-9.99999974634 1
-9.99999971815 1
-9.99999968684 1
-9.99999965204 1
-9.99999961338 2
-9.99999952269 2
-9.99999941073 1
-9.99999934525 1
-9.9999992725 2
-9.99999934525 3
-9.99999941073 3
-9.99999946965 3
-9.99999952269 3
-9.99999957042 3
-9.99999961338 3
-9.99999965204 3
-9.99999968684 3
-9.99999983357 0
-9.99999996193 1
-9.9999999577 1
-9.999999953 2
-6.8618940391 2
-9.86697205353 2
-9.7972444041 2
-9.69096845617 2
-9.96618608086 1
-9.96242897874 0
-9.94273583103 0
-9.95361602313 0
-9.96242897874 0
-9.96618608086 3
-9.96956747278 3
-9.98003321889 0
-9.98689979491 0
-9.98938883388 0
-9.99757250555 2
-9.9980337295 0
-9.99944466713 2
-9.99931440387 2
-9.99955018038 2
-9.99996411949 2
-9.99995570307 2
-9.99994531244 2
-9.99993248449 2
-9.99994531244 2
-9.99999981508 0
-9.9999997717 0
-9.99999957042 2
-9.99999946965 2
-9.99999919167 2
-9.99999946965 0
-9.99999994777 2
-6.513215599 1
-6.12579511 1
-5.6953279 2
-9.88027484817 1
-9.86697205353 1
-9.85219117059 1
-9.83576796732 1
-9.81751996369 1
-9.7972444041 1
-9.77471600455 1
-9.7496844495 1
-9.72187161056 1
-9.69096845617 1
-9.65663161797 2
-9.69096845617 3
-9.72187161056 3
-9.7496844495 3
-9.77471600455 3
-9.96618608086 0
-9.96242897874 1
-9.95825442082 1
-9.95361602313 1
-9.94846224793 0
-9.95361602313 3
-9.95825442082 0
-9.96242897874 3
-9.96618608086 0
-9.9726107255 0
-9.982029897 0
-9.98820981542 2
-9.98820981542 0
-9.98938883388 3
-9.99044995049 0
-9.99781525499 1
-9.99757250555 1
-9.99730278394 2
-9.99757250555 3
-9.99781525499 3
-9.99823035655 0
-9.99938296348 1
-9.99931440387 1
-9.99923822652 2
-9.99938296348 2
-9.99944466713 3
-9.99950020042 3
-9.99996013277 1
-9.99995570307 1
-9.99995078119 1
-9.99994531244 1
-9.99993923604 2
-9.99992498276 2
-9.99993248449 3
-9.99993923604 3
-9.99997881292 2
-9.99997384311 2
-9.9999764588 3
-9.99997881292 3
-9.99999983357 0
-9.99999981508 1
-9.99999979453 0
-9.99999961338 2
-9.99999952269 2
-9.99999941073 1
-9.99999934525 1
-9.9999992725 2
-9.99999910186 2
-9.99999952269 0
-9.99999957042 3
-9.99999961338 3
-9.9999992725 2
-9.99999961338 2
-9.99999952269 2
-9.999999953 2
-9.99999994197 2
-5.217031 2
-9.61847957552 2
-9.96956747278 0
-9.9838269073 0
-9.98689979491 2
-9.99140495544 0
-9.99700309327 2
-9.99840732089 0
-9.99915358502 2
-9.99931440387 2
-9.99993248449 2
-9.99991664752 2
-9.9999764588 2
-9.99997093679 2
-9.99999957042 2
-9.99999946965 2
-9.99999919167 2
-9.99999900206 2
-9.99999919167 2
-9.99999957042 2
-9.99999946965 2
-9.99999994777 2
-9.99999993552 2
-5.6953279 1
-5.217031 1
-4.68559 2
-3.439 2
-4.0951 3
-4.68559 3
-9.47665236697 1
-9.41850262997 1
-9.35389181108 2
-9.47665236697 2
-9.57608841725 2
-9.85219117059 1
-9.83576796732 1
-9.81751996369 2
-9.9922644599 2
-9.99044995049 1
-9.98938883388 1
-9.98820981542 2
-9.97781468766 1
-9.97534965295 1
-9.9726107255 0
-9.98544421657 2
-9.98689979491 1
-9.98544421657 0
-9.98544421657 2
-9.98689979491 3
-9.98820981542 3
-9.9922644599 0
-9.99730278394 1
-9.99700309327 1
-9.99667010363 2
-9.99883893693 1
-9.99870992992 1
-9.9985665888 0
-9.99870992992 3
-9.99883893693 3
-9.99895504324 3
-9.99905953891 3
-9.99915358502 3
-9.99923822652 3
-9.99931440387 3
-9.99938296348 3
-9.99995078119 1
-9.99994531244 1
-9.99993923604 1
-9.99993248449 1
-9.99992498276 1
-9.99991664752 1
-9.99990738613 2
-9.99992498276 2
-9.99997384311 2
-9.99996770754 2
-9.99997093679 3
-9.99997384311 3
-9.99999968684 1
-9.99999965204 1
-9.99999961338 1
-9.99999957042 1
-9.99999952269 2
-9.99999941073 2
-9.99999946965 3
-9.99999952269 3
-9.99999910186 2
-9.99999889118 2
-9.99999863109 2
-9.99999889118 2
-9.99999900206 3
-9.99999910186 3
-9.99999952269 1
-9.99999946965 1
-9.99999941073 2
-9.99999994197 1
-9.99999993552 1
-9.99999992836 2
-4.0951 2
-2.71 2
-9.28210201231 2
-9.41850262997 2
-9.52898713028 2
-9.7972444041 2
-9.99140495544 2
-9.98689979491 2
-9.97534965295 0
-9.9838269073 2
-9.9838269073 2
-9.99373421252 1
-9.99303801391 0
-9.99630011515 2
-9.99870992992 0
-9.99915358502 0
-9.9998970957 2
-9.99991664752 2
-9.99997093679 2
-9.99996411949 2
-9.99999968684 1
-9.99999965204 2
-9.99999946965 2
-9.99999934525 2
-9.99999900206 2
-9.99999876798 2
-9.99999847898 2
-9.99999876798 2
-9.99999934525 2
-9.9999999204 2
-4.68559 1
-4.0951 1
-3.439 1
-2.71 1
-1.9 2
-8.78423345409 2
-8.90581010868 3
-9.01522909782 3
-9.11370618803 3
-9.20233556923 3
-9.28210201231 3
-9.35389181108 3
-9.41850262997 3
-9.47665236697 3
-9.72187161056 2
-9.7496844495 3
-9.77471600455 3
-9.99044995049 1
-9.98938883388 1
-9.98820981542 1
-9.98689979491 1
-9.98544421657 1
-9.9838269073 1
-9.982029897 1
-9.98003321889 1
-9.97781468766 0
-9.98003321889 3
-9.982029897 1
-9.98003321889 1
-9.97781468766 2
-9.98003321889 3
-9.982029897 3
-9.9838269073 3
-9.98544421657 3
-9.99373421252 0
-9.99436079127 3
-9.99492471214 3
-9.99543224093 3
-9.99588901683 3
-9.99823035655 2
-9.99883893693 0
-9.99895504324 3
-9.99905953891 3
-9.99915358502 1
-9.99905953891 2
-9.99915358502 3
-9.99923822652 3
-9.99995078119 2
-9.99993923604 1
-9.99993248449 1
-9.99992498276 1
-9.99991664752 1
-9.99990738613 1
-9.9998970957 1
-9.99988566189 2
-9.9998970957 3
-9.99990738613 3
-9.99996770754 1
-9.99996411949 1
-9.99996013277 2
-9.99997881292 2
-9.99999961338 1
-9.99999957042 1
-9.99999952269 1
-9.99999946965 1
-9.99999941073 2
-9.9999992725 2
-9.99999910186 1
-9.99999900206 1
-9.99999889118 1
-9.99999876798 1
-9.99999863109 2
-9.99999830998 2
-9.99999847898 3
-9.99999863109 2
-9.99999876798 3
-9.99999889118 3
-9.99999900206 3
-9.99999910186 3
-9.99999919167 3
-9.9999992725 3
-9.99999992836 1
-9.9999999204 1
-9.99999991155 2
-5.217031 0
-4.0951 0
-1.0 2
-8.64914828233 2
-9.52898713028 0
-9.69096845617 2
-9.98689979491 0
-9.9838269073 0
-9.97534965295 2
-9.9838269073 0
-9.98689979491 0
-9.99630011515 0
-9.9980337295 2
-9.99895504324 2
-9.99994531244 2
-9.99991664752 2
-9.99987295765 2
-9.99991664752 0
-9.99995570307 2
-9.9999764588 2
-9.99999934525 2
-9.99999919167 2
-9.99999847898 2
-9.9999981222 2
-9.99999847898 2
-9.99999990173 2
-5.6953279 0
-4.68559 0
0.0 -1
-8.49905364703 2
-8.64914828233 3
-8.78423345409 3
-9.81751996369 1
-9.7972444041 1
-9.77471600455 2
-9.57608841725 0
-9.65663161797 2
-9.69096845617 3
-9.72187161056 3
-9.90302262702 1
-9.89224736336 1
-9.88027484817 2
-9.98820981542 0
-9.99044995049 1
-9.98938883388 1
-9.98820981542 1
-9.98689979491 1
-9.98544421657 0
-9.9726107255 2
-9.98544421657 0
-9.98820981542 0
-9.98938883388 3
-9.99044995049 3
-9.99492471214 2
-9.99588901683 2
-9.99781525499 2
-9.99883893693 1
-9.99870992992 1
-9.9985665888 2
-9.99883893693 2
-9.99895504324 3
-9.99905953891 3
-9.99993923604 1
-9.99993248449 1
-9.99992498276 2
-9.99990738613 1
-9.9998970957 1
-9.99988566189 1
-9.99987295765 1
-9.99985884184 2
-9.99992498276 0
-9.99993248449 3
-9.99993923604 3
-9.99994531244 3
-9.99995078119 3
-9.99997384311 2
-9.99999968684 1
-9.99999965204 1
-9.99999961338 2
-9.9999992725 1
-9.99999919167 1
-9.99999910186 1
-9.99999900206 1
-9.99999889118 1
-9.99999876798 1
-9.99999863109 1
-9.99999847898 1
-9.99999830998 1
-9.9999981222 1
-9.99999791356 2
-9.9999981222 3
-9.99999830998 3
-9.99999910186 2
-9.9999992725 2
-9.99999989081 1
-9.99999987867 1
-9.99999986519 2
-9.99999989081 2
-5.217031 0
-8.33228183003 2
-9.7972444041 2
-9.7496844495 2
-9.61847957552 0
-9.61847957552 2
-9.86697205353 2
-9.96956747278 2
-9.99140495544 0
-9.99436079127 2
-9.99543224093 2
-9.99757250555 2
-9.99840732089 2
-9.99870992992 2
-9.99991664752 2
-9.9998431576 2
-9.99995570307 0
-9.99997093679 2
-9.99999957042 2
-9.99999934525 0
-9.99999919167 0
-9.99999900206 0
-9.99999768173 2
-9.99999900206 2
-9.99999919167 2
-9.99999985021 2
-9.99999987867 2
-8.49905364703 2
-5.6953279 0
-6.12579511 3
-6.513215599 3
-8.14697981115 2
-8.49905364703 2
-9.77471600455 1
-9.7496844495 1
-9.72187161056 1
-9.69096845617 1
-9.65663161797 0
-9.61847957552 1
-9.57608841725 2
-9.61847957552 3
-9.65663161797 3
-9.81751996369 2
-9.83576796732 3
-9.85219117059 3
-9.86697205353 3
-9.88027484817 2
-9.89224736336 3
-9.90302262702 3
-9.91272036432 3
-9.92144832789 3
-9.9293034951 3
-9.93637314559 3
-9.96618608086 2
-9.99492471214 1
-9.99436079127 1
-9.99373421252 1
-9.99303801391 1
-9.9922644599 0
-9.99303801391 3
-9.99373421252 3
-9.99436079127 3
-9.99492471214 3
-9.99730278394 2
-9.99757250555 3
-9.99781525499 3
-9.9980337295 3
-9.99823035655 3
-9.99840732089 3
-9.9985665888 3
-9.99905953891 2
-9.99915358502 3
-9.99923822652 3
-9.99990738613 1
-9.9998970957 1
-9.99988566189 1
-9.99987295765 1
-9.99985884184 1
-9.9998431576 1
-9.99982573066 2
-9.99985884184 2
-9.99987295765 3
-9.99988566189 2
-9.99996013277 0
-9.99996411949 3
-9.99996770754 3
-9.99998283846 2
-9.99999952269 1
-9.99999946965 1
-9.99999941073 0
-9.99999934525 1
-9.9999992725 0
-9.99999919167 1
-9.99999910186 0
-9.99999742415 1
-9.99999713794 1
-9.99999681993 2
-9.99999742415 2
-9.99999791356 2
-9.99999889118 2
-9.99999900206 3
-9.99999910186 3
-9.99999919167 3
-9.9999992725 3
-9.99999983357 2
-9.99999985021 3
-9.99999986519 3
-8.33228183003 2
-6.12579511 0
-6.8618940391 0
-7.94108867905 2
-8.33228183003 2
-9.61847957552 2
-9.52898713028 2
-9.7972444041 2
-9.86697205353 2
-9.9293034951 0
-9.94273583103 0
-9.96242897874 2
-9.96618608086 3
-9.99543224093 0
-9.99700309327 2
-9.99870992992 0
-9.99883893693 3
-9.99895504324 3
-9.9998063674 2
-9.9998431576 2
-9.99987295765 2
-9.99997093679 0
-9.99998093163 2
-9.99999919167 0
-9.99999646659 2
-9.99999713794 2
-9.99999768173 2
-9.99999876798 2
-9.9999992725 0
-9.99999981508 2
-8.14697981115 2
-6.513215599 0
-7.17570463519 0
-7.45813417167 3
-7.7123207545 3
-7.94108867905 3
-8.14697981115 3
-8.33228183003 3
-8.49905364703 3
-9.65663161797 1
-9.61847957552 1
-9.57608841725 1
-9.52898713028 1
-9.47665236697 2
-9.52898713028 3
-9.57608841725 3
-9.77471600455 2
-9.7972444041 3
-9.81751996369 3
-9.83576796732 3
-9.85219117059 3
-9.94846224793 1
-9.94273583103 1
-9.93637314559 0
-9.94273583103 3
-9.94846224793 0
-9.95361602313 3
-9.95825442082 3
-9.982029897 2
-9.99781525499 1
-9.99757250555 1
-9.99730278394 1
-9.99700309327 1
-9.99667010363 1
-9.99630011515 1
-9.99588901683 0
-9.99630011515 3
-9.99667010363 3
-9.99950020042 2
-9.99905953891 1
-9.99895504324 1
-9.99883893693 0
-9.99905953891 0
-9.99915358502 3
-9.99923822652 3
-9.99959516234 2
-9.9996720815 2
-9.99973438601 2
-9.99976094741 3
-9.99978485267 3
-9.9998063674 3
-9.99982573066 3
-9.9998431576 3
-9.99985884184 3
-9.99997881292 1
-9.9999764588 1
-9.99997384311 0
-9.9999764588 3
-9.99997881292 3
-9.99998093163 3
-9.99998283846 3
-9.99998455462 3
-9.99998609915 3
-9.99998748924 3
-9.99998874032 3
-9.9999992725 0
-9.99999515307 2
-9.99999563777 3
-9.99999607399 3
-9.99999646659 3
-9.99999681993 3
-9.99999713794 3
-9.99999742415 3
-9.99999863109 2
-9.99999876798 3
-9.99999889118 3
-9.99999983357 1
-9.99999981508 1
-9.99999979453 2
-9.99999981508 3
-9.99999983357 2
-7.94108867905 2
-6.8618940391 0
-7.94108867905 0
-8.64914828233 0
-9.41850262997 2
-9.7496844495 2
-9.86697205353 0
-9.88027484817 3
-9.95361602313 0
-9.98003321889 2
-9.99757250555 0
-9.99630011515 0
-9.99700309327 0
-9.99944466713 2
-9.99915358502 0
-9.99895504324 0
-9.99915358502 0
-9.99955018038 2
-9.99963564611 2
-9.99970487335 2
-9.9998431576 0
-9.99998093163 0
-9.99998455462 0
-9.99998748924 0
-9.99998986628 0
-9.99999461453 2
-9.99999768173 0
-9.99999847898 2
-9.99999968684 2
-9.9999997717 2
-9.99999981508 2
-7.7123207545 1
-7.45813417167 1
-7.17570463519 0
-7.45813417167 3
-7.7123207545 3
-8.14697981115 0
-9.01522909782 2
-8.78423345409 0
-8.90581010868 3
-9.01522909782 3
-9.11370618803 3
-9.20233556923 3
-9.28210201231 3
-9.35389181108 3
-9.65663161797 2
-9.69096845617 3
-9.72187161056 3
-9.7496844495 3
-9.77471600455 3
-9.88027484817 0
-9.93637314559 2
-9.94846224793 2
-9.95825442082 0
-9.982029897 1
-9.98003321889 1
-9.97781468766 2
-9.98003321889 3
-9.982029897 3
-9.99781525499 0
-9.99823035655 2
-9.99667010363 0
-9.99730278394 0
-9.99938296348 1
-9.99931440387 1
-9.99923822652 0
-9.99915358502 1
-9.99905953891 0
-9.99915358502 3
-9.99923822652 0
-9.99931440387 3
-9.99938296348 3
-9.99944466713 3
-9.99950020042 3
-9.99955018038 3
-9.99959516234 3
-9.99963564611 3
-9.9996720815 3
-9.99970487335 3
-9.99973438601 3
-9.99985884184 0
-9.99993923604 2
-9.99999087966 1
-9.99998986628 1
-9.99998874032 2
-9.99998283846 0
-9.99998609915 0
-9.99998874032 0
-9.99999087966 0
-9.99999179169 3
-9.99999261252 3
-9.99999335127 3
-9.99999401614 3
-9.99999910186 2
-9.99999830998 1
-9.9999981222 1
-9.99999791356 0
-9.9999981222 3
-9.99999830998 3
-9.99999961338 2
-9.99999965204 3
-9.99999968684 3
-9.99999974634 2
-9.9999997717 3
-9.99999979453 3
-7.94108867905 0
-7.94108867905 0
-8.33228183003 0
-8.90581010868 2
-9.28210201231 0
-9.61847957552 2
-9.89224736336 0
-9.9293034951 2
-9.93637314559 3
-9.94273583103 3
-9.96242897874 0
-9.97534965295 2
-9.9980337295 0
-9.9980337295 2
-9.99700309327 0
-9.99931440387 0
-9.99950020042 0
-9.99963564611 0
-9.99976094741 0
-9.99993248449 2
-9.99998748924 2
-9.99998455462 0
-9.99998609915 3
-9.99999335127 0
-9.99999910186 1
-9.99999900206 2
-9.9999981222 0
-9.99999847898 0
-9.99999957042 2
-9.99999974634 1
-9.99999971815 2
-8.14697981115 0
-8.33228183003 3
-8.49905364703 1
-8.33228183003 1
-8.14697981115 0
-8.33228183003 3
-8.49905364703 0
-8.64914828233 3
-8.78423345409 3
-8.90581010868 3
-9.01522909782 3
-9.11370618803 3
-9.20233556923 3
-9.28210201231 3
-9.35389181108 0
-9.41850262997 3
-9.47665236697 3
-9.52898713028 3
-9.57608841725 3
-9.77471600455 2
-9.92144832789 1
-9.91272036432 1
-9.90302262702 0
-9.91272036432 3
-9.92144832789 3
-9.94846224793 0
-9.95361602313 3
-9.95825442082 3
-9.96242897874 3
-9.96618608086 3
-9.96956747278 3
-9.9726107255 3
-9.97534965295 3
-9.97781468766 3
-9.99823035655 0
-9.99781525499 1
-9.99757250555 1
-9.99730278394 0
-9.99950020042 2
-9.99959516234 1
-9.99955018038 1
-9.99950020042 2
-9.99959516234 2
-9.99938296348 0
-9.99944466713 3
-9.99950020042 3
-9.99955018038 0
-9.99959516234 3
-9.99963564611 3
-9.9996720815 0
-9.99970487335 3
-9.99973438601 3
-9.99978485267 0
-9.99990738613 2
-9.99992498276 2
-9.99993248449 3
-9.99993923604 3
-9.99998609915 2
-9.99998748924 1
-9.99998609915 0
-9.99999830998 2
-9.99999791356 2
-9.99999515307 1
-9.99999461453 1
-9.99999401614 0
-9.99999941073 2
-9.99999889118 1
-9.99999876798 1
-9.99999863109 1
-9.99999847898 1
-9.99999830998 0
-9.99999847898 3
-9.99999863109 0
-9.99999952269 2
-9.99999957042 3
-9.99999961338 3
-9.99999968684 2
-9.99999974634 2
-8.49905364703 0
-8.33228183003 0
-8.90581010868 0
-9.11370618803 0
-9.41850262997 0
-9.61847957552 0
-9.7496844495 2
-9.9293034951 0
-9.91272036432 0
-9.96242897874 0
-9.9980337295 0
-9.99944466713 2
-9.99944466713 2
-9.99955018038 2
-9.99944466713 0
-9.99955018038 0
-9.99970487335 0
-9.9998970957 2
-9.99991664752 2
-9.99998455462 2
-9.9999981222 2
-9.99999768173 2
-9.99999461453 0
-9.99999934525 2
-9.99999876798 0
-9.99999847898 0
-9.99999946965 2
-9.99999965204 2
-9.99999971815 2
-8.78423345409 1
-8.64914828233 0
-8.78423345409 1
-8.64914828233 1
-8.49905364703 0
-9.20233556923 1
-9.11370618803 1
-9.01522909782 0
-9.20233556923 0
-9.57608841725 1
-9.52898713028 1
-9.47665236697 0
-9.52898713028 3
-9.57608841725 3
-9.65663161797 0
-9.69096845617 3
-9.72187161056 3
-9.93637314559 0
-9.92144832789 0
-9.95825442082 2
-9.96242897874 3
-9.96618608086 3
-9.96956747278 1
-9.96618608086 0
-9.96956747278 3
-9.9726107255 3
-9.99883893693 1
-9.99870992992 1
-9.9985665888 2
-9.99870992992 3
-9.99883893693 3
-9.99781525499 2
-9.99950020042 1
-9.99944466713 1
-9.99938296348 1
-9.99931440387 1
-9.99923822652 2
-9.99931440387 3
-9.99938296348 2
-9.99944466713 3
-9.99950020042 3
-9.99955018038 1
-9.99950020042 0
-9.99959516234 0
-9.99978485267 1
-9.99976094741 1
-9.99973438601 0
-9.99988566189 1
-9.99987295765 1
-9.99985884184 2
-9.99987295765 3
-9.99988566189 3
-9.99990738613 2
-9.99991664752 3
-9.99992498276 3
-9.99998283846 2
-9.99999830998 1
-9.9999981222 1
-9.99999791356 1
-9.99999768173 1
-9.99999742415 2
-9.99999681993 2
-9.99999515307 0
-9.9999992725 1
-9.99999919167 1
-9.99999910186 1
-9.99999900206 1
-9.99999889118 0
-9.99999876798 1
-9.99999863109 0
-9.9999992725 2
-9.99999934525 3
-9.99999941073 3
-9.99999946965 3
-9.99999952269 3
-9.99999957042 3
-9.99999961338 3
-9.99999965204 3
-9.99999968684 3
-8.90581010868 0
-9.35389181108 1
-9.28210201231 0
-9.11370618803 0
-9.28210201231 0
-9.61847957552 0
-9.69096845617 0
-9.9293034951 2
-9.9293034951 0
-9.95361602313 2
-9.96956747278 0
-9.97534965295 0
-9.99840732089 2
-9.99757250555 2
-9.99950020042 0
-9.99915358502 2
-9.99931440387 2
-9.99976094741 0
-9.9998431576 2
-9.9998970957 2
-9.99998093163 2
-9.99999713794 2
-9.99999646659 2
-9.99999900206 0
-9.99999876798 0
-9.99999919167 2
-9.99999965204 0
-9.99999971815 0
-9.20233556923 1
-9.11370618803 1
-9.01522909782 0
-9.11370618803 3
-9.20233556923 3
-9.35389181108 0
-9.20233556923 0
-9.28210201231 3
-9.35389181108 0
-9.41850262997 3
-9.47665236697 3
-9.52898713028 3
-9.57608841725 3
-9.65663161797 0
-9.69096845617 3
-9.72187161056 0
-9.93637314559 1
-9.9293034951 1
-9.92144832789 2
-9.9293034951 3
-9.93637314559 0
-9.94273583103 2
-9.94846224793 3
-9.95361602313 3
-9.95825442082 3
-9.96242897874 3
-9.96618608086 2
-9.97781468766 0
-9.98003321889 3
-9.982029897 3
-9.99823035655 1
-9.9980337295 1
-9.99781525499 1
-9.99757250555 1
-9.99730278394 1
-9.99700309327 1
-9.99667010363 2
-9.99883893693 2
-9.99895504324 3
-9.99905953891 3
-9.99915358502 3
-9.99923822652 3
-9.99938296348 2
-9.99950020042 2
-9.99959516234 2
-9.9996720815 2
-9.99973438601 2
-9.99976094741 3
-9.99978485267 3
-9.9998063674 3
-9.99982573066 3
-9.9998431576 3
-9.99985884184 3
-9.99987295765 3
-9.99988566189 3
-9.99998283846 1
-9.99998093163 1
-9.99997881292 2
-9.99998283846 2
-9.99998455462 3
-9.99998609915 3
-9.99999681993 1
-9.99999646659 1
-9.99999607399 2
-9.99999646659 3
-9.99999681993 3
-9.9999992725 1
-9.99999919167 1
-9.99999910186 2
-9.99999919167 1
-9.99999910186 0
-9.99999889118 0
-9.99999900206 3
-9.99999910186 3
-9.99999952269 2
-9.99999957042 3
-9.99999961338 3
-9.99999968684 0
-9.99999974634 0
-9.28210201231 0
-9.41850262997 0
-9.61847957552 0
-9.69096845617 0
-9.91272036432 2
-9.93637314559 2
-9.96242897874 2
-9.98003321889 0
-9.99630011515 2
-9.99870992992 2
-9.99931440387 2
-9.99944466713 2
-9.99955018038 2
-9.99963564611 2
-9.99970487335 2
-9.9998431576 0
-9.99987295765 0
-9.9999764588 2
-9.99998093163 2
-9.99999563777 2
-9.99999713794 0
-9.99999900206 2
-9.99999919167 0
-9.99999946965 2
-9.99999971815 2
-9.72187161056 1
-9.69096845617 1
-9.65663161797 1
-9.61847957552 1
-9.57608841725 1
-9.52898713028 1
-9.47665236697 1
-9.41850262997 1
-9.35389181108 0
-9.47665236697 0
-9.72187161056 1
-9.69096845617 1
-9.65663161797 0
-9.72187161056 0
-9.90302262702 1
-9.89224736336 1
-9.88027484817 2
-9.90302262702 2
-9.91272036432 3
-9.92144832789 3
-9.9293034951 3
-9.93637314559 3
-9.94846224793 2
-9.95361602313 3
-9.95825442082 3
-9.982029897 0
-9.9838269073 3
-9.98544421657 3
-9.98689979491 3
-9.98820981542 3
-9.98938883388 3
-9.99044995049 3
-9.99492471214 2
-9.99543224093 3
-9.99588901683 3
-9.9985665888 2
-9.99938296348 1
-9.99931440387 1
-9.99923822652 1
-9.99915358502 2
-9.99923822652 3
-9.99931440387 3
-9.99938296348 2
-9.99950020042 2
-9.99955018038 3
-9.99959516234 3
-9.99963564611 3
-9.9996720815 3
-9.99988566189 1
-9.99987295765 1
-9.99985884184 0
-9.99987295765 3
-9.99988566189 0
-9.9998970957 3
-9.99990738613 3
-9.99997881292 1
-9.9999764588 1
-9.99997384311 2
-9.9999764588 3
-9.99997881292 3
-9.99999515307 2
-9.99999563777 3
-9.99999607399 1
-9.99999563777 1
-9.99999515307 2
-9.99999742415 0
-9.99999910186 1
-9.99999900206 1
-9.99999889118 2
-9.99999941073 2
-9.99999946965 3
-9.99999952269 3
-9.9999992725 0
-9.99999934525 3
-9.99999941073 3
-9.99999968684 1
-9.99999965204 1
-9.99999961338 2
-9.99999965204 3
-9.99999968684 2
-9.72187161056 0
-9.61847957552 0
-9.52898713028 0
-9.69096845617 0
-9.7496844495 0
-9.86697205353 2
-9.89224736336 2
-9.94273583103 2
-9.99140495544 0
-9.99436079127 2
-9.99840732089 2
-9.99905953891 2
-9.99931440387 2
-9.99944466713 2
-9.99987295765 2
-9.99997093679 2
-9.99998093163 0
-9.99999461453 2
-9.99999461453 2
-9.99999768173 0
-9.99999876798 2
-9.99999934525 2
-9.99999934525 0
-9.99999957042 2
-9.99999965204 2
-9.77471600455 1
-9.7496844495 0
-9.77471600455 3
-9.65663161797 0
-9.61847957552 1
-9.57608841725 0
-9.61847957552 3
-9.65663161797 3
-9.69096845617 3
-9.72187161056 3
-9.7496844495 3
-9.77471600455 3
-9.72187161056 0
-9.7496844495 3
-9.77471600455 0
-9.7972444041 3
-9.81751996369 3
-9.83576796732 3
-9.85219117059 3
-9.86697205353 3
-9.88027484817 3
-9.89224736336 3
-9.90302262702 3
-9.91272036432 3
-9.92144832789 3
-9.9293034951 3
-9.93637314559 3
-9.99667010363 1
-9.99630011515 1
-9.99588901683 1
-9.99543224093 1
-9.99492471214 1
-9.99436079127 1
-9.99373421252 1
-9.99303801391 1
-9.9922644599 0
-9.99303801391 3
-9.99373421252 3
-9.99781525499 2
-9.99823035655 2
-9.99840732089 3
-9.9985665888 3
-9.99870992992 3
-9.99883893693 3
-9.99895504324 3
-9.99905953891 3
-9.99915358502 3
-9.99923822652 3
-9.99931440387 3
-9.99938296348 3
-9.99978485267 1
-9.99976094741 1
-9.99973438601 2
-9.99976094741 3
-9.99978485267 3
-9.9998063674 3
-9.99982573066 3
-9.9998431576 3
-9.99985884184 3
-9.99987295765 3
-9.99988566189 3
-9.9998970957 3
-9.99990738613 3
-9.99996770754 2
-9.99998283846 0
-9.99999401614 1
-9.99999335127 1
-9.99999261252 2
-9.99999401614 2
-9.99999791356 0
-9.9999981222 3
-9.99999830998 3
-9.99999847898 3
-9.99999863109 3
-9.9999992725 2
-9.99999934525 3
-9.99999941073 3
-9.99999946965 1
-9.99999941073 0
-9.9999992725 2
-9.99999941073 2
-9.99999946965 3
-9.99999952269 3
-9.99999961338 2
-9.7972444041 0
-9.7972444041 0
-9.69096845617 0
-9.7496844495 0
-9.7972444041 0
-9.7496844495 0
-9.86697205353 0
-9.89224736336 0
-9.9293034951 0
-9.94273583103 0
-9.99492471214 0
-9.99303801391 0
-9.99436079127 0
-9.99757250555 2
-9.9980337295 2
-9.99944466713 0
-9.99970487335 2
-9.9998063674 0
-9.99987295765 0
-9.99991664752 0
-9.99996411949 2
-9.99999179169 2
-9.99999335127 2
-9.99999876798 0
-9.99999919167 2
-9.99999934525 2
-9.99999919167 2
-9.99999934525 2
-9.99999957042 2
-9.81751996369 0
-9.81751996369 0
-9.90302262702 2
-9.92144832789 2
-9.72187161056 0
-9.77471600455 0
-9.81751996369 0
-9.7972444041 1
-9.77471600455 0
-9.94846224793 2
-9.95825442082 2
-9.88027484817 0
-9.90302262702 0
-9.96618608086 2
-9.93637314559 0
-9.94846224793 0
-9.95361602313 3
-9.95825442082 3
-9.99667010363 1
-9.99630011515 1
-9.99588901683 1
-9.99543224093 0
-9.99492471214 1
-9.99436079127 1
-9.99373421252 0
-9.99436079127 3
-9.99492471214 0
-9.99730278394 2
-9.99757250555 3
-9.99781525499 3
-9.9980337295 3
-9.99823035655 3
-9.99992498276 1
-9.99991664752 1
-9.99990738613 2
-9.99991664752 3
-9.99992498276 3
-9.99950020042 0
-9.99955018038 3
-9.99959516234 3
-9.99963564611 3
-9.9996720815 3
-9.99982573066 0
-9.99993923604 2
-9.99988566189 0
-9.99993923604 1
-9.99993248449 1
-9.99992498276 0
-9.99996013277 2
-9.99998609915 1
-9.99998455462 1
-9.99998283846 2
-9.99999087966 2
-9.99999179169 3
-9.99999261252 3
-9.99999335127 3
-9.99999401614 3
-9.99999515307 2
-9.99999889118 0
-9.99999900206 3
-9.99999910186 3
-9.99999919167 3
-9.9999992725 3
-9.99999934525 1
-9.9999992725 1
-9.99999919167 1
-9.99999910186 2
-9.99999919167 3
-9.9999992725 3
-9.99999934525 3
-9.99999941073 3
-9.99999952269 2
-9.83576796732 0
-9.83576796732 0
-9.89224736336 2
-9.91272036432 2
-9.7972444041 0
-9.94273583103 2
-9.95361602313 2
-9.89224736336 0
-9.96242897874 2
-9.94273583103 0
-9.95361602313 0
-9.99543224093 0
-9.99543224093 0
-9.99700309327 2
-9.99840732089 0
-9.9998970957 2
-9.99955018038 0
-9.99970487335 0
-9.99993248449 2
-9.9998970957 0
-9.99993248449 0
-9.99995570307 2
-9.99998093163 2
-9.99998986628 2
-9.99999461453 2
-9.99999919167 0
-9.99999900206 2
-9.99999946965 2
-9.85219117059 0
-9.86697205353 1
-9.85219117059 0
-9.86697205353 3
-9.88027484817 3
-9.89224736336 3
-9.90302262702 3
-9.91272036432 3
-9.92144832789 3
-9.81751996369 0
-9.83576796732 3
-9.85219117059 3
-9.94846224793 1
-9.94273583103 1
-9.93637314559 2
-9.94273583103 3
-9.94846224793 3
-9.90302262702 0
-9.96618608086 1
-9.96242897874 1
-9.95825442082 1
-9.95361602313 1
-9.94846224793 0
-9.95825442082 0
-9.97781468766 2
-9.98003321889 3
-9.982029897 2
-9.9838269073 3
-9.98544421657 3
-9.99588901683 0
-9.9985665888 2
-9.99588901683 0
-9.99630011515 3
-9.99667010363 3
-9.99700309327 3
-9.99730278394 3
-9.9985665888 0
-9.99990738613 1
-9.9998970957 1
-9.99988566189 2
-9.9996720815 1
-9.99963564611 1
-9.99959516234 0
-9.99963564611 3
-9.9996720815 3
-9.99973438601 0
-9.99996013277 2
-9.99992498276 1
-9.99991664752 1
-9.99990738613 0
-9.99991664752 3
-9.99992498276 3
-9.99993248449 3
-9.99993923604 0
-9.99994531244 3
-9.99995078119 3
-9.99997384311 2
-9.99997881292 2
-9.99998874032 2
-9.99998986628 3
-9.99999087966 3
-9.99999261252 2
-9.99999401614 2
-9.99999607399 2
-9.9999992725 0
-9.99999830998 2
-9.99999847898 3
-9.99999863109 3
-9.99999876798 3
-9.99999889118 2
-9.99999900206 3
-9.99999910186 3
-9.99999919167 3
-9.9999992725 3
-9.99999934525 3
-9.99999941073 3
-9.86697205353 0
-9.86697205353 0
-9.89224736336 0
-9.9293034951 0
-9.86697205353 0
-9.9293034951 2
-9.95361602313 0
-9.96242897874 0
-9.97534965295 2
-9.98003321889 2
-9.99840732089 2
-9.99700309327 0
-9.99757250555 0
-9.99840732089 2
-9.99987295765 2
-9.99963564611 0
-9.99976094741 0
-9.99995570307 2
-9.99991664752 0
-9.99993248449 0
-9.99995570307 0
-9.99997093679 2
-9.9999764588 2
-9.99998748924 2
-9.99999179169 2
-9.99999261252 3
-9.99999335127 3
-9.99999563777 2
-9.9999981222 2
-9.99999876798 2
-9.99999919167 0
-9.99999941073 0
-9.88027484817 0
-9.88027484817 0
-9.89224736336 3
-9.90302262702 0
-9.91272036432 3
-9.92144832789 3
-9.92144832789 1
-9.91272036432 1
-9.90302262702 1
-9.89224736336 1
-9.88027484817 0
-9.89224736336 3
-9.90302262702 3
-9.91272036432 3
-9.92144832789 3
-9.9293034951 3
-9.93637314559 3
-9.98544421657 1
-9.9838269073 1
-9.982029897 1
-9.98003321889 1
-9.97781468766 2
-9.95825442082 0
-9.96618608086 0
-9.96956747278 3
-9.9726107255 3
-9.97534965295 3
-9.97781468766 3
-9.98003321889 3
-9.982029897 3
-9.9985665888 1
-9.99840732089 1
-9.99823035655 1
-9.9980337295 1
-9.99781525499 1
-9.99757250555 1
-9.99730278394 0
-9.99781525499 0
-9.9980337295 3
-9.99823035655 3
-9.99938296348 2
-9.99985884184 1
-9.9998431576 1
-9.99982573066 2
-9.9996720815 0
-9.99982573066 1
-9.9998063674 1
-9.99978485267 0
-9.99995078119 1
-9.99994531244 1
-9.99993923604 2
-9.99992498276 0
-9.99993923604 0
-9.99994531244 3
-9.99995078119 3
-9.99996013277 0
-9.99996411949 3
-9.99996770754 3
-9.99997093679 3
-9.99997384311 3
-9.99998609915 2
-9.99998748924 3
-9.99998874032 3
-9.99998986628 3
-9.99999087966 3
-9.99999401614 0
-9.99999461453 3
-9.99999515307 3
-9.99999742415 2
-9.99999791356 2
-9.99999830998 2
-9.99999863109 2
-9.9999992725 0
-9.99999961338 2
-9.99999952269 2
-9.91272036432 0
-9.9293034951 0
-9.9293034951 0
-9.91272036432 0
-9.9293034951 0
-9.94273583103 0
-9.97534965295 2
-9.96242897874 0
-9.96956747278 0
-9.99870992992 0
-9.99757250555 0
-9.99840732089 0
-9.99931440387 2
-9.9998431576 2
-9.9998063674 2
-9.99970487335 0
-9.9998063674 0
-9.99993248449 2
-9.99993923604 3
-9.99994531244 0
-9.99996770754 2
-9.99997093679 0
-9.9999764588 0
-9.99998455462 2
-9.99998986628 0
-9.99999179169 0
-9.99999563777 0
-9.99999713794 2
-9.99999768173 2
-9.9999981222 2
-9.99999847898 2
-9.99999961338 1
-9.99999957042 2
-9.99999946965 2
-9.9922644599 2
-9.99044995049 2
-9.92144832789 0
-9.93637314559 0
-9.94273583103 1
-9.93637314559 0
-9.92144832789 0
-9.9726107255 2
-9.94846224793 1
-9.94273583103 1
-9.93637314559 0
-9.94846224793 0
-9.982029897 1
-9.98003321889 1
-9.97781468766 1
-9.97534965295 1
-9.9726107255 1
-9.96956747278 1
-9.96618608086 0
-9.96956747278 3
-9.9726107255 0
-9.97534965295 3
-9.97781468766 3
-9.9922644599 2
-9.99905953891 1
-9.99895504324 1
-9.99883893693 0
-9.99823035655 2
-9.99781525499 2
-9.9980337295 1
-9.99781525499 0
-9.99883893693 1
-9.99870992992 1
-9.9985665888 0
-9.99923822652 2
-9.99982573066 1
-9.9998063674 1
-9.99978485267 1
-9.99976094741 1
-9.99973438601 0
-9.99976094741 3
-9.99978485267 3
-9.9998063674 3
-9.99982573066 0
-9.9998431576 3
-9.99985884184 3
-9.99992498276 2
-9.99993923604 2
-9.99994531244 3
-9.99995078119 0
-9.99995570307 3
-9.99996013277 3
-9.99996411949 3
-9.99996770754 3
-9.99997093679 3
-9.99997384311 0
-9.99997881292 0
-9.99998093163 3
-9.99998283846 3
-9.99999087966 0
-9.99999261252 0
-9.99999335127 3
-9.99999401614 3
-9.99999607399 0
-9.99999646659 3
-9.99999681993 3
-9.99999713794 3
-9.99999742415 3
-9.99999768173 3
-9.99999791356 3
-9.9999981222 3
-9.99999830998 3
-9.99999910186 2
-9.99999952269 1
-9.99999946965 1
-9.99999941073 2
-9.99140495544 2
-9.98938883388 2
-9.96956747278 2
-9.94273583103 0
-9.95361602313 0
-9.95825442082 3
-9.97534965295 0
-9.96956747278 0
-9.97534965295 0
-9.99140495544 2
-9.9980337295 2
-9.99757250555 2
-9.99870992992 0
-9.99915358502 2
-9.99976094741 0
-9.99987295765 0
-9.99991664752 2
-9.99993248449 2
-9.99994531244 2
-9.99998455462 0
-9.99999335127 0
-9.99999646659 0
-9.99999713794 0
-9.99999768173 0
-9.99999847898 0
-9.99999900206 2
-9.99999934525 2
-9.99044995049 1
-9.98938883388 1
-9.98820981542 1
-9.98689979491 1
-9.98544421657 1
-9.9838269073 1
-9.982029897 1
-9.98003321889 1
-9.97781468766 1
-9.97534965295 1
-9.9726107255 1
-9.96956747278 1
-9.96618608086 1
-9.96242897874 1
-9.95825442082 1
-9.95361602313 1
-9.94846224793 0
-9.95825442082 0
-9.98544421657 1
-9.9838269073 1
-9.982029897 1
-9.98003321889 1
-9.97781468766 0
-9.97534965295 1
-9.9726107255 0
-9.97534965295 3
-9.97781468766 0
-9.98820981542 2
-9.99044995049 2
-9.99140495544 3
-9.9922644599 3
-9.99823035655 1
-9.9980337295 1
-9.99781525499 1
-9.99757250555 1
-9.99730278394 2
-9.99781525499 2
-9.9980337295 3
-9.99823035655 3
-9.99883893693 0
-9.99895504324 3
-9.99905953891 3
-9.99950020042 2
-9.99982573066 1
-9.9998063674 1
-9.99978485267 0
-9.9998063674 3
-9.99982573066 3
-9.99990738613 1
-9.9998970957 1
-9.99988566189 0
-9.9998970957 3
-9.99990738613 3
-9.99991664752 3
-9.99992498276 3
-9.99993248449 3
-9.99993923604 3
-9.99994531244 3
-9.99995078119 3
-9.99995570307 3
-9.99996013277 3
-9.99999087966 1
-9.99998986628 1
-9.99998874032 1
-9.99998748924 1
-9.99998609915 0
-9.99999515307 2
-9.99999401614 0
-9.99999461453 3
-9.99999515307 3
-9.99999681993 0
-9.99999742415 0
-9.99999791356 0
-9.99999889118 1
-9.99999876798 1
-9.99999863109 0
-9.99999876798 3
-9.99999889118 3
-9.99999900206 3
-9.99999910186 3
-9.99999919167 3
-9.9999992725 3
-9.98938883388 0
-9.98003321889 0
-9.96956747278 0
-9.95361602313 0
-9.96242897874 0
-9.97534965295 0
-9.98003321889 0
-9.98689979491 2
-9.98938883388 2
-9.99700309327 2
-9.99757250555 2
-9.99915358502 0
-9.99944466713 2
-9.99982573066 0
-9.9998970957 0
-9.99993248449 0
-9.99996411949 0
-9.99998986628 0
-9.99999461453 2
-9.99999563777 0
-9.99999768173 0
-9.99999876798 0
-9.99999900206 0
-9.99999919167 0
-9.9922644599 1
-9.99140495544 1
-9.99044995049 0
-9.99140495544 3
-9.9922644599 3
-9.98544421657 1
-9.9838269073 1
-9.982029897 0
-9.98003321889 1
-9.97781468766 1
-9.97534965295 1
-9.9726107255 0
-9.96618608086 1
-9.96242897874 1
-9.95825442082 0
-9.96242897874 3
-9.96618608086 0
-9.96956747278 3
-9.9726107255 3
-9.97534965295 3
-9.97781468766 3
-9.98003321889 3
-9.982029897 1
-9.98003321889 1
-9.97781468766 0
-9.98003321889 3
-9.982029897 0
-9.9838269073 3
-9.98544421657 3
-9.98689979491 3
-9.98820981542 3
-9.98938883388 3
-9.99044995049 3
-9.99140495544 3
-9.9922644599 3
-9.99588901683 2
-9.99667010363 2
-9.99700309327 3
-9.99730278394 2
-9.99781525499 2
-9.99823035655 2
-9.99923822652 0
-9.99931440387 3
-9.99938296348 3
-9.99944466713 3
-9.99950020042 3
-9.99955018038 3
-9.99959516234 3
-9.99993923604 1
-9.99993248449 1
-9.99992498276 1
-9.99991664752 1
-9.99990738613 0
-9.99995078119 1
-9.99994531244 1
-9.99993923604 0
-9.99994531244 3
-9.99995078119 3
-9.99997384311 1
-9.99997093679 1
-9.99996770754 0
-9.99997093679 3
-9.99997384311 3
-9.99999087966 0
-9.99999179169 3
-9.99999261252 3
-9.99999401614 2
-9.99999461453 3
-9.99999515307 3
-9.99999607399 0
-9.99999646659 3
-9.99999681993 3
-9.99999791356 0
-9.9999981222 3
-9.99999830998 3
-9.99999847898 3
-9.99999863109 3
-9.99999889118 0
-9.99999910186 0
-9.99999919167 3
-9.9999992725 0
-9.99999934525 3
-9.99999941073 3
-9.98689979491 0
-9.9838269073 0
-9.96956747278 0
-9.96242897874 0
-9.96956747278 0
-9.9838269073 0
-9.982029897 0
-9.98938883388 0
-9.99140495544 0
-9.99543224093 2
-9.99630011515 2
-9.99700309327 2
-9.99757250555 2
-9.9980337295 2
-9.99931440387 0
-9.99955018038 0
-9.99994531244 0
-9.99995570307 0
-9.9999764588 0
-9.9999764588 0
-9.99998986628 2
-9.99999335127 2
-9.99999681993 1
-9.99999646659 0
-9.99999847898 0
-9.99999876798 0
-9.99999900206 0
-9.99999934525 0
-9.99999946965 0
-9.99959516234 2
-9.99667010363 2
-9.99730278394 2
-9.98820981542 0
-9.98544421657 0
-9.98689979491 3
-9.98820981542 3
-9.99588901683 2
-9.9726107255 0
-9.96618608086 0
-9.9726107255 0
-9.99373421252 1
-9.99303801391 1
-9.9922644599 2
-9.98544421657 0
-9.9985665888 2
-9.99823035655 2
-9.9922644599 1
-9.99140495544 1
-9.99044995049 0
-9.99140495544 3
-9.9922644599 0
-9.99303801391 3
-9.99373421252 3
-9.99436079127 3
-9.99492471214 3
-9.99543224093 3
-9.99588901683 3
-9.99630011515 3
-9.99667010363 3
-9.99700309327 3
-9.99730278394 3
-9.99757250555 3
-9.99781525499 3
-9.99938296348 0
-9.99944466713 3
-9.99950020042 3
-9.99959516234 0
-9.99973438601 2
-9.99976094741 3
-9.99978485267 3
-9.99988566189 2
-9.99985884184 2
-9.99987295765 3
-9.99988566189 3
-9.99995078119 0
-9.99996013277 0
-9.99997881292 0
-9.99998093163 3
-9.99998283846 1
-9.99998093163 1
-9.99997881292 0
-9.99998874032 2
-9.99998986628 3
-9.99999087966 3
-9.99999179169 3
-9.99999261252 3
-9.99999335127 3
-9.99999401614 3
-9.99999681993 0
-9.99999889118 1
-9.99999876798 1
-9.99999863109 2
-9.99999863109 0
-9.99999876798 3
-9.99999889118 0
-9.99999900206 3
-9.99999910186 0
-9.99999919167 3
-9.9999992725 3
-9.99999934525 3
-9.99999941073 0
-9.99999952269 0
-9.99955018038 2
-9.99630011515 2
-9.99700309327 2
-9.98938883388 0
-9.98689979491 0
-9.98938883388 0
-9.99543224093 2
-9.97534965295 0
-9.99140495544 2
-9.99840732089 2
-9.9980337295 2
-9.99140495544 0
-9.99303801391 0
-9.99543224093 0
-9.99700309327 0
-9.99757250555 0
-9.9980337295 0
-9.99955018038 0
-9.99963564611 0
-9.99970487335 2
-9.99987295765 2
-9.9998431576 2
-9.9998970957 0
-9.99998093163 0
-9.99998748924 2
-9.99999179169 0
-9.99999335127 0
-9.99999742415 1
-9.99999713794 0
-9.99999847898 2
-9.99999900206 0
-9.99999919167 0
-9.99999934525 0
-9.99999946965 0
-9.99999957042 0
-9.99950020042 2
-9.99588901683 2
-9.99630011515 3
-9.99667010363 3
-9.99044995049 0
-9.98820981542 0
-9.99044995049 0
-9.99492471214 1
-9.99436079127 1
-9.99373421252 2
-9.99492471214 2
-9.97781468766 0
-9.98820981542 2
-9.99044995049 2
-9.99140495544 3
-9.9922644599 3
-9.99823035655 1
-9.9980337295 1
-9.99781525499 1
-9.99757250555 1
-9.99730278394 2
-9.9922644599 0
-9.99373421252 0
-9.99436079127 3
-9.99492471214 3
-9.99588901683 0
-9.99630011515 3
-9.99667010363 3
-9.99700309327 3
-9.99730278394 0
-9.99781525499 0
-9.99823035655 0
-9.99959516234 2
-9.99950020042 2
-9.99959516234 2
-9.9996720815 2
-9.99970487335 3
-9.99973438601 2
-9.99985884184 1
-9.9998431576 1
-9.99982573066 2
-9.99990738613 0
-9.99996770754 2
-9.99996013277 2
-9.99996411949 3
-9.99996770754 3
-9.99998609915 1
-9.99998455462 1
-9.99998283846 0
-9.99998455462 3
-9.99998609915 3
-9.99999261252 0
-9.99999401614 0
-9.99999461453 3
-9.99999515307 3
-9.99999742415 0
-9.99999791356 2
-9.99999830998 2
-9.99999863109 2
-9.99999910186 0
-9.9999992725 0
-9.99999941073 0
-9.99999952269 0
-9.99999961338 0
-9.99944466713 2
-9.99543224093 2
-9.99140495544 0
-9.98938883388 0
-9.99140495544 0
-9.99303801391 2
-9.99436079127 2
-9.98003321889 0
-9.98689979491 2
-9.98938883388 2
-9.99757250555 2
-9.99700309327 2
-9.99303801391 0
-9.99436079127 0
-9.9996720815 2
-9.99757250555 0
-9.99840732089 0
-9.99955018038 2
-9.99944466713 2
-9.99955018038 2
-9.99963564611 2
-9.99970487335 2
-9.9998063674 2
-9.99996411949 2
-9.99995570307 2
-9.99998748924 0
-9.99999563777 0
-9.99999713794 2
-9.99999768173 2
-9.9999981222 2
-9.99999847898 2
-9.99999946965 0
-9.99999957042 0
-9.99999965204 0
-9.99938296348 2
-9.99492471214 1
-9.99436079127 1
-9.99373421252 1
-9.99303801391 1
-9.9922644599 0
-9.99140495544 1
-9.99044995049 0
-9.99140495544 3
-9.9922644599 0
-9.99373421252 2
-9.9922644599 2
-9.99303801391 3
-9.99373421252 3
-9.982029897 0
-9.9838269073 3
-9.98544421657 3
-9.98689979491 3
-9.98820981542 3
-9.98938883388 3
-9.99044995049 3
-9.99781525499 1
-9.99757250555 1
-9.99730278394 2
-9.99667010363 2
-9.99373421252 0
-9.99492471214 0
-9.9996720815 1
-9.99963564611 1
-9.99959516234 2
-9.99950020042 2
-9.99781525499 0
-9.99923822652 2
-9.9985665888 0
-9.99950020042 1
-9.99944466713 1
-9.99938296348 2
-9.99944466713 3
-9.99950020042 3
-9.99959516234 2
-9.99963564611 3
-9.9996720815 3
-9.99970487335 3
-9.99973438601 3
-9.99976094741 3
-9.99978485267 3
-9.9998063674 3
-9.99982573066 3
-9.99996013277 1
-9.99995570307 1
-9.99995078119 2
-9.99996013277 2
-9.99996770754 2
-9.99998283846 2
-9.99998874032 0
-9.99998283846 2
-9.99998609915 2
-9.99999607399 0
-9.99999646659 3
-9.99999681993 3
-9.99999713794 3
-9.99999742415 3
-9.99999768173 3
-9.99999791356 3
-9.9999981222 3
-9.99999830998 3
-9.99999847898 3
-9.99999863109 3
-9.99999876798 3
-9.99999889118 3
-9.99999952269 0
-9.99999957042 3
-9.99999961338 0
-9.99999965204 3
-9.99999968684 0
-9.99931440387 2
-9.99436079127 0
-9.99140495544 0
-9.99303801391 0
-9.99303801391 2
-9.99140495544 2
-9.9838269073 0
-9.99140495544 0
-9.99700309327 2
-9.99630011515 2
-9.99436079127 0
-9.99955018038 2
-9.99944466713 2
-9.99915358502 2
-9.99870992992 0
-9.99931440387 2
-9.99955018038 2
-9.99970487335 0
-9.9998063674 0
-9.99994531244 2
-9.99995570307 2
-9.99996411949 2
-9.99998093163 2
-9.99998093163 2
-9.99998455462 2
-9.99999646659 0
-9.99999847898 0
-9.99999957042 0
-9.99999965204 0
-9.99923822652 2
-9.99588901683 1
-9.99543224093 1
-9.99492471214 0
-9.99543224093 3
-9.99588901683 3
-9.9922644599 0
-9.99303801391 3
-9.99373421252 0
-9.99303801391 1
-9.9922644599 1
-9.99140495544 1
-9.99044995049 1
-9.98938883388 1
-9.98820981542 1
-9.98689979491 1
-9.98544421657 0
-9.98689979491 3
-9.98820981542 3
-9.98938883388 3
-9.99044995049 3
-9.99140495544 3
-9.9922644599 0
-9.99588901683 2
-9.99667010363 2
-9.99588901683 1
-9.99543224093 1
-9.99492471214 0
-9.99730278394 2
-9.99781525499 2
-9.99950020042 1
-9.99944466713 1
-9.99938296348 1
-9.99931440387 1
-9.99923822652 1
-9.99915358502 1
-9.99905953891 1
-9.99895504324 1
-9.99883893693 0
-9.99895504324 3
-9.99905953891 3
-9.99915358502 3
-9.99923822652 3
-9.99931440387 3
-9.99938296348 3
-9.99944466713 3
-9.99950020042 3
-9.99973438601 0
-9.99976094741 3
-9.99978485267 3
-9.9998063674 3
-9.99982573066 0
-9.99990738613 2
-9.99991664752 3
-9.99992498276 3
-9.99993923604 2
-9.99995078119 2
-9.99995570307 3
-9.99996013277 2
-9.99997881292 1
-9.9999764588 1
-9.99997384311 2
-9.99997881292 2
-9.99998283846 2
-9.99999681993 0
-9.99999952269 2
-9.99999910186 1
-9.99999900206 1
-9.99999889118 1
-9.99999876798 1
-9.99999863109 0
-9.99999974634 1
-9.99999971815 1
-9.99999968684 1
-9.99999965204 1
-9.99999961338 0
-9.99999968684 0
-9.99999983357 2
-9.99915358502 2
-9.99588901683 0
-9.99303801391 0
-9.98938883388 0
-9.98689979491 0
-9.99303801391 0
-9.99543224093 2
-9.99630011515 2
-9.99543224093 0
-9.99700309327 2
-9.99757250555 2
-9.99923822652 0
-9.99895504324 0
-9.99944466713 0
-9.99955018038 0
-9.99978485267 0
-9.9998431576 0
-9.9998970957 2
-9.99993248449 2
-9.99994531244 2
-9.99995570307 2
-9.99997093679 2
-9.9999764588 2
-9.99998093163 2
-9.99999946965 2
-9.99999900206 0
-9.99999876798 0
-9.9999997717 0
-9.99999965204 0
-9.99999971815 0
-9.99999981508 2
-9.99905953891 2
-9.9985665888 2
-9.99823035655 2
-9.99667010363 1
-9.99630011515 1
-9.99588901683 1
-9.99543224093 1
-9.99492471214 1
-9.99436079127 1
-9.99373421252 0
-9.9922644599 1
-9.99140495544 1
-9.99044995049 0
-9.98820981542 0
-9.99588901683 1
-9.99543224093 1
-9.99492471214 1
-9.99436079127 1
-9.99373421252 0
-9.99436079127 3
-9.99492471214 3
-9.99543224093 3
-9.99588901683 3
-9.99630011515 3
-9.99667010363 1
-9.99630011515 1
-9.99588901683 0
-9.99630011515 3
-9.99667010363 3
-9.99700309327 3
-9.99730278394 3
-9.99757250555 3
-9.99781525499 3
-9.9980337295 3
-9.99823035655 3
-9.99840732089 3
-9.9985665888 3
-9.99923822652 1
-9.99915358502 1
-9.99905953891 0
-9.99915358502 3
-9.99923822652 3
-9.99959516234 1
-9.99955018038 1
-9.99950020042 0
-9.99959516234 0
-9.99963564611 3
-9.9996720815 3
-9.99988566189 1
-9.99987295765 1
-9.99985884184 0
-9.99987295765 3
-9.99988566189 3
-9.9998970957 3
-9.99990738613 3
-9.99991664752 3
-9.99992498276 3
-9.99993248449 3
-9.99993923604 3
-9.99994531244 3
-9.99995078119 3
-9.99995570307 3
-9.99996013277 3
-9.99996411949 3
-9.99996770754 3
-9.99997093679 3
-9.99997384311 3
-9.9999764588 3
-9.99997881292 3
-9.99998093163 3
-9.99998283846 3
-9.99999941073 1
-9.99999934525 1
-9.9999992725 1
-9.99999919167 1
-9.99999910186 0
-9.99999900206 1
-9.99999889118 0
-9.99999979453 0
-9.99999968684 2
-9.99999971815 1
-9.99999968684 0
-9.99999971815 3
-9.99999974634 0
-9.9999997717 3
-9.99999979453 3
-9.99895504324 2
-9.99840732089 1
-9.99823035655 1
-9.9980337295 2
-9.99700309327 0
-9.99630011515 0
-9.99543224093 0
-9.99543224093 0
-9.99630011515 0
-9.99700309327 0
-9.99757250555 0
-9.99840732089 0
-9.99870992992 0
-9.99915358502 2
-9.99915358502 0
-9.9998970957 0
-9.99993248449 0
-9.99994531244 0
-9.99996411949 0
-9.9999764588 0
-9.99998093163 0
-9.99999900206 0
-9.99999965204 2
-9.99999971815 0
-9.9999997717 0
-9.99999981508 0
-9.99883893693 1
-9.99870992992 1
-9.9985665888 0
-9.99781525499 1
-9.99757250555 1
-9.99730278394 0
-9.99700309327 1
-9.99667010363 0
-9.99700309327 3
-9.99730278394 3
-9.9985665888 2
-9.99870992992 3
-9.99883893693 2
-9.99995078119 2
-9.99730278394 1
-9.99700309327 1
-9.99667010363 1
-9.99630011515 1
-9.99588901683 0
-9.99630011515 3
-9.99667010363 1
-9.99630011515 1
-9.99588901683 0
-9.99630011515 3
-9.99667010363 3
-9.99950020042 2
-9.99667010363 0
-9.99730278394 0
-9.99781525499 0
-9.99883893693 1
-9.99870992992 1
-9.9985665888 0
-9.99883893693 0
-9.99895504324 3
-9.99905953891 3
-9.99923822652 0
-9.99931440387 3
-9.99938296348 3
-9.99944466713 3
-9.99950020042 3
-9.99988566189 1
-9.99987295765 1
-9.99985884184 2
-9.99987295765 3
-9.99988566189 3
-9.9998970957 3
-9.99990738613 3
-9.99992498276 1
-9.99991664752 1
-9.99990738613 0
-9.99995078119 1
-9.99994531244 1
-9.99993923604 0
-9.99995078119 0
-9.99995570307 3
-9.99996013277 3
-9.99996770754 0
-9.99999261252 2
-9.99997881292 0
-9.99998093163 3
-9.99998283846 0
-9.99998455462 3
-9.99998609915 3
-9.99998748924 3
-9.99998874032 3
-9.99999941073 1
-9.99999934525 1
-9.9999992725 1
-9.99999919167 1
-9.99999910186 0
-9.99999952269 2
-9.99999957042 3
-9.99999961338 3
-9.99999968684 2
-9.99999979453 0
-9.99999981508 3
-9.99999983357 0
-9.99895504324 0
-9.99757250555 0
-9.99757250555 0
-9.99840732089 2
-9.99870992992 2
-9.99994531244 2
-9.99667010363 0
-9.99944466713 2
-9.9980337295 0
-9.99823035655 3
-9.99870992992 0
-9.99955018038 0
-9.9998431576 2
-9.9998970957 0
-9.99991664752 0
-9.99995570307 0
-9.99995570307 0
-9.99996411949 0
-9.99999179169 2
-9.99998455462 0
-9.99998986628 0
-9.99999919167 0
-9.99999946965 2
-9.99999965204 2
-9.9999997717 2
-9.99905953891 0
-9.99915358502 3
-9.99923822652 3
-9.99978485267 2
-9.99781525499 0
-9.9980337295 3
-9.99823035655 1
-9.9980337295 1
-9.99781525499 0
-9.9980337295 3
-9.99823035655 3
-9.99840732089 3
-9.9985665888 3
-9.99993923604 2
-9.99992498276 2
-9.99993923604 2
-9.99988566189 2
-9.99985884184 2
-9.99959516234 1
-9.99955018038 1
-9.99950020042 1
-9.99944466713 1
-9.99938296348 2
-9.99883893693 1
-9.99870992992 1
-9.9985665888 1
-9.99840732089 1
-9.99823035655 0
-9.99982573066 2
-9.99883893693 0
-9.99895504324 3
-9.99905953891 3
-9.99915358502 3
-9.99923822652 3
-9.99931440387 3
-9.99938296348 3
-9.99944466713 3
-9.99950020042 3
-9.99959516234 0
-9.99978485267 2
-9.9998063674 3
-9.99982573066 3
-9.99990738613 0
-9.99992498276 0
-9.99993248449 3
-9.99993923604 3
-9.99996770754 2
-9.99996013277 0
-9.99996770754 1
-9.99996411949 1
-9.99996013277 0
-9.99996770754 0
-9.99999261252 1
-9.99999179169 1
-9.99999087966 1
-9.99998986628 1
-9.99998874032 1
-9.99998748924 1
-9.99998609915 0
-9.99999261252 1
-9.99999179169 1
-9.99999087966 0
-9.99999607399 2
-9.99999646659 3
-9.99999681993 3
-9.9999992725 0
-9.99999934525 3
-9.99999941073 3
-9.99999946965 3
-9.99999952269 3
-9.99999957042 3
-9.99999961338 3
-9.99999974634 2
-9.9999997717 3
-9.99999979453 3
-9.99915358502 0
-9.99976094741 2
-9.99870992992 0
-9.99993248449 2
-9.99991664752 2
-9.99993248449 2
-9.99987295765 2
-9.9998431576 2
-9.99944466713 2
-9.99931440387 2
-9.99870992992 0
-9.9998063674 2
-9.99915358502 0
-9.99931440387 0
-9.99944466713 0
-9.99955018038 0
-9.99963564611 0
-9.99976094741 2
-9.99982573066 2
-9.99994531244 0
-9.99996411949 2
-9.99996411949 0
-9.99996411949 0
-9.99999179169 0
-9.99998986628 0
-9.99999335127 0
-9.99999179169 0
-9.99999563777 2
-9.99999946965 0
-9.99999965204 0
-9.99999971815 2
-9.99923822652 0
-9.99978485267 1
-9.99976094741 1
-9.99973438601 1
-9.99970487335 1
-9.9996720815 2
-9.99959516234 2
-9.99950020042 2
-9.99955018038 3
-9.99959516234 3
-9.99883893693 0
-9.99992498276 1
-9.99991664752 1
-9.99990738613 2
-9.99991664752 3
-9.99992498276 3
-9.99985884184 1
-9.9998431576 1
-9.99982573066 2
-9.99950020042 1
-9.99944466713 1
-9.99938296348 1
-9.99931440387 1
-9.99923822652 1
-9.99915358502 1
-9.99905953891 1
-9.99895504324 1
-9.99883893693 0
-9.99982573066 1
-9.9998063674 1
-9.99978485267 2
-9.9998063674 3
-9.99982573066 3
-9.99923822652 0
-9.99938296348 0
-9.99950020042 0
-9.99959516234 0
-9.99963564611 3
-9.9996720815 0
-9.99970487335 3
-9.99973438601 3
-9.99976094741 3
-9.99978485267 3
-9.9998063674 3
-9.99982573066 3
-9.9998431576 3
-9.99985884184 3
-9.99995078119 0
-9.99995570307 3
-9.99996013277 3
-9.99996411949 3
-9.99996770754 0
-9.99997384311 1
-9.99997093679 1
-9.99996770754 0
-9.99999261252 2
-9.99999401614 1
-9.99999335127 1
-9.99999261252 0
-9.99999179169 1
-9.99999087966 0
-9.99999179169 3
-9.99999261252 3
-9.99999401614 0
-9.99999335127 1
-9.99999261252 0
-9.99999515307 2
-9.99999681993 2
-9.99999713794 3
-9.99999742415 3
-9.99999941073 2
-9.99999968684 1
-9.99999965204 1
-9.99999961338 2
-9.99999968684 2
-9.99999971815 3
-9.99999974634 3
-9.99931440387 0
-9.99976094741 0
-9.99963564611 2
-9.99955018038 2
-9.99944466713 2
-9.99895504324 0
-9.99993248449 0
-9.9998970957 2
-9.9998063674 2
-9.99915358502 0
-9.99895504324 0
-9.9998063674 2
-9.99976094741 2
-9.99944466713 0
-9.99963564611 0
-9.99970487335 0
-9.99976094741 0
-9.99982573066 0
-9.99997093679 0
-9.99999179169 2
-9.99999335127 2
-9.99999335127 0
-9.99999401614 3
-9.99999461453 3
-9.99999646659 2
-9.99999934525 2
-9.99999957042 2
-9.99999965204 2
-9.99938296348 0
-9.9996720815 2
-9.99973438601 2
-9.99959516234 1
-9.99955018038 1
-9.99950020042 1
-9.99944466713 1
-9.99938296348 1
-9.99931440387 1
-9.99923822652 1
-9.99915358502 1
-9.99905953891 0
-9.99993923604 0
-9.99988566189 1
-9.99987295765 1
-9.99985884184 1
-9.9998431576 1
-9.99982573066 1
-9.9998063674 1
-9.99978485267 2
-9.99959516234 1
-9.99955018038 1
-9.99950020042 1
-9.99944466713 1
-9.99938296348 1
-9.99931440387 1
-9.99923822652 0
-9.99905953891 0
-9.99978485267 1
-9.99976094741 1
-9.99973438601 1
-9.99970487335 1
-9.9996720815 1
-9.99963564611 1
-9.99959516234 1
-9.99955018038 1
-9.99950020042 0
-9.99955018038 3
-9.99959516234 3
-9.9996720815 0
-9.99973438601 0
-9.99976094741 3
-9.99978485267 0
-9.99990738613 2
-9.99992498276 2
-9.99999087966 1
-9.99998986628 1
-9.99998874032 2
-9.99998986628 3
-9.99999087966 2
-9.99997384311 0
-9.9999764588 3
-9.99997881292 3
-9.99998093163 3
-9.99998283846 3
-9.99999087966 2
-9.99999179169 3
-9.99999261252 3
-9.99999742415 2
-9.99999768173 3
-9.99999791356 3
-9.99999607399 1
-9.99999563777 1
-9.99999515307 1
-9.99999461453 1
-9.99999401614 0
-9.99999515307 0
-9.99999563777 3
-9.99999607399 3
-9.99999941073 1
-9.99999934525 1
-9.9999992725 2
-9.99999961338 1
-9.99999957042 1
-9.99999952269 2
-9.99999957042 3
-9.99999961338 3
-9.99999965204 3
-9.99999968684 3
-9.99944466713 0
-9.99963564611 2
-9.9996720815 3
-9.99970487335 3
-9.99963564611 0
-9.99944466713 0
-9.99931440387 0
-9.9998970957 0
-9.99987295765 0
-9.99976094741 2
-9.99963564611 0
-9.99976094741 0
-9.99963564611 0
-9.99955018038 0
-9.99963564611 0
-9.99976094741 0
-9.9998970957 2
-9.99991664752 2
-9.99999179169 0
-9.99998748924 2
-9.99998986628 2
-9.99998093163 0
-9.99998986628 2
-9.99999335127 0
-9.99999713794 2
-9.99999646659 0
-9.99999563777 0
-9.99999461453 0
-9.99999563777 0
-9.99999919167 2
-9.99999946965 2
-9.99999965204 0
-9.99999971815 0
-9.99950020042 0
-9.99955018038 3
-9.99959516234 3
-9.99973438601 0
-9.99970487335 1
-9.9996720815 0
-9.99982573066 2
-9.99950020042 0
-9.99938296348 0
-9.99944466713 3
-9.99950020042 3
-9.99992498276 1
-9.99991664752 1
-9.99990738613 0
-9.9998970957 1
-9.99988566189 0
-9.99990738613 2
-9.99973438601 1
-9.99970487335 1
-9.9996720815 0
-9.99982573066 2
-9.9998431576 3
-9.99985884184 3
-9.99987295765 3
-9.99988566189 3
-9.9998970957 3
-9.99990738613 3
-9.99995078119 2
-9.99978485267 0
-9.99973438601 1
-9.99970487335 1
-9.9996720815 0
-9.99963564611 1
-9.99959516234 0
-9.9996720815 0
-9.99982573066 1
-9.9998063674 1
-9.99978485267 0
-9.99985884184 2
-9.99987295765 3
-9.99988566189 3
-9.9998970957 3
-9.99990738613 3
-9.99999261252 0
-9.99998609915 2
-9.99998748924 3
-9.99998874032 3
-9.99998609915 1
-9.99998455462 1
-9.99998283846 0
-9.99998455462 3
-9.99998609915 3
-9.99998748924 3
-9.99998874032 3
-9.99999401614 0
-9.99999681993 1
-9.99999646659 1
-9.99999607399 2
-9.99999646659 3
-9.99999681993 0
-9.99999646659 1
-9.99999607399 0
-9.99999515307 0
-9.99999563777 3
-9.99999607399 0
-9.99999646659 3
-9.99999681993 3
-9.99999889118 2
-9.99999900206 3
-9.99999910186 2
-9.9999992725 2
-9.99999941073 2
-9.99999968684 0
-9.99999974634 0
-9.99955018038 0
-9.99976094741 0
-9.99970487335 0
-9.9998063674 2
-9.99944466713 0
-9.99991664752 0
-9.9998970957 0
-9.9998970957 2
-9.99970487335 0
-9.9998063674 2
-9.99991664752 0
-9.99994531244 2
-9.99973438601 0
-9.99963564611 0
-9.9998063674 2
-9.9998063674 0
-9.99982573066 3
-9.9998431576 3
-9.9998970957 0
-9.99998455462 2
-9.99998986628 0
-9.99998455462 0
-9.99998986628 0
-9.99999335127 2
-9.99999563777 2
-9.99999646659 2
-9.99999607399 0
-9.99999713794 0
-9.99999876798 2
-9.99999900206 2
-9.99999919167 2
-9.99999934525 2
-9.99999971815 0
-9.9999997717 0
-9.99959516234 0
-9.99978485267 2
-9.99978485267 0
-9.99976094741 1
-9.99973438601 0
-9.99978485267 1
-9.99976094741 1
-9.99973438601 2
-9.99950020042 0
-9.99973438601 2
-9.99976094741 3
-9.99978485267 2
-9.99992498276 0
-9.99990738613 0
-9.9998970957 1
-9.99988566189 1
-9.99987295765 1
-9.99985884184 2
-9.99973438601 0
-9.99976094741 3
-9.99978485267 3
-9.99995078119 1
-9.99994531244 1
-9.99993923604 1
-9.99993248449 1
-9.99992498276 0
-9.99993248449 3
-9.99993923604 3
-9.99994531244 3
-9.99995078119 3
-9.99995570307 3
-9.99996013277 3
-9.99973438601 1
-9.99970487335 1
-9.9996720815 0
-9.99970487335 3
-9.99973438601 3
-9.99976094741 3
-9.99978485267 3
-9.99982573066 0
-9.99985884184 0
-9.99990738613 0
-9.99991664752 3
-9.99992498276 3
-9.99997881292 2
-9.99998093163 3
-9.99998283846 3
-9.99999087966 0
-9.99998986628 1
-9.99998874032 1
-9.99998748924 1
-9.99998609915 0
-9.99998748924 3
-9.99998874032 3
-9.99998986628 3
-9.99999087966 0
-9.99999179169 3
-9.99999261252 3
-9.99999335127 3
-9.99999401614 3
-9.99999461453 3
-9.99999515307 3
-9.99999563777 3
-9.99999607399 3
-9.99999646659 3
-9.99999681993 3
-9.99999681993 1
-9.99999646659 0
-9.99999681993 3
-9.99999742415 0
-9.99999863109 2
-9.99999889118 2
-9.99999900206 3
-9.99999910186 2
-9.99999919167 3
-9.9999992725 3
-9.99999974634 0
-9.9999997717 3
-9.99999979453 0
-9.99963564611 0
-9.99976094741 2
-9.9998063674 0
-9.99976094741 0
-9.99976094741 2
-9.99970487335 2
-9.99955018038 0
-9.99970487335 2
-9.99976094741 2
-9.9998431576 2
-9.99976094741 0
-9.99997881292 2
-9.99993248449 0
-9.99994531244 0
-9.99996411949 0
-9.9998063674 0
-9.9998431576 0
-9.99987295765 0
-9.99991664752 0
-9.9999764588 2
-9.99999179169 0
-9.99999461453 0
-9.99999563777 0
-9.99999713794 0
-9.99999713794 0
-9.99999713794 0
-9.99999768173 0
-9.99999847898 2
-9.99999876798 2
-9.99999900206 2
-9.9996720815 0
-9.99970487335 3
-9.99973438601 3
-9.99976094741 3
-9.99978485267 3
-9.99978485267 0
-9.99976094741 1
-9.99973438601 1
-9.99970487335 1
-9.9996720815 1
-9.99963564611 1
-9.99959516234 0
-9.99963564611 3
-9.9996720815 3
-9.99970487335 3
-9.99973438601 3
-9.99985884184 2
-9.99988566189 1
-9.99987295765 1
-9.99985884184 1
-9.9998431576 1
-9.99982573066 1
-9.9998063674 1
-9.99978485267 0
-9.99997881292 1
-9.9999764588 1
-9.99997384311 2
-9.99997881292 2
-9.99993923604 0
-9.99995078119 0
-9.99995570307 3
-9.99996013277 3
-9.99996770754 0
-9.99997093679 3
-9.99997384311 3
-9.9999764588 3
-9.99997881292 3
-9.99998093163 3
-9.99998283846 3
-9.99982573066 0
-9.9998431576 3
-9.99985884184 0
-9.99987295765 3
-9.99988566189 0
-9.9998970957 3
-9.99990738613 3
-9.99997881292 2
-9.99997384311 2
-9.99997881292 2
-9.99998093163 3
-9.99998283846 3
-9.99999607399 1
-9.99999563777 1
-9.99999515307 1
-9.99999461453 1
-9.99999401614 1
-9.99999335127 1
-9.99999261252 0
-9.99999607399 2
-9.99999515307 0
-9.99999607399 0
-9.99999791356 1
-9.99999768173 1
-9.99999742415 0
-9.99999742415 0
-9.99999768173 1
-9.99999742415 0
-9.99999768173 3
-9.99999791356 0
-9.9999981222 3
-9.99999830998 3
-9.99999847898 3
-9.99999863109 3
-9.99999876798 3
-9.99999889118 3
-9.99999900206 3
-9.99999910186 3
-9.99999979453 1
-9.9999997717 1
-9.99999974634 2
-9.99976094741 0
-9.9998063674 0
-9.99976094741 0
-9.99963564611 0
-9.99970487335 0
-9.9998431576 2
-9.99987295765 0
-9.9998431576 0
-9.9998063674 0
-9.99997093679 2
-9.9999764588 2
-9.99994531244 0
-9.99995570307 0
-9.99998093163 0
-9.99998455462 0
-9.9998431576 0
-9.9998970957 0
-9.99991664752 0
-9.9999764588 2
-9.99997093679 2
-9.9999764588 2
-9.99999335127 0
-9.99999563777 2
-9.99999646659 0
-9.9999981222 0
-9.99999768173 0
-9.99999768173 0
-9.99999768173 0
-9.99999876798 0
-9.99999971815 2
-9.99982573066 1
-9.9998063674 1
-9.99978485267 0
-9.99988566189 2
-9.99982573066 0
-9.99978485267 0
-9.9998063674 3
-9.99982573066 3
-9.9996720815 0
-9.99973438601 0
-9.99976094741 3
-9.99978485267 3
-9.9998063674 3
-9.99982573066 3
-9.99990738613 2
-9.99988566189 0
-9.99985884184 0
-9.99982573066 0
-9.99996013277 2
-9.99996770754 2
-9.99997093679 3
-9.99997384311 3
-9.99995078119 0
-9.99995570307 3
-9.99996013277 0
-9.99997881292 2
-9.99998874032 1
-9.99998748924 1
-9.99998609915 1
-9.99998455462 1
-9.99998283846 0
-9.99998455462 3
-9.99998609915 0
-9.99985884184 0
-9.99987295765 3
-9.99988566189 3
-9.9998970957 3
-9.99990738613 0
-9.99992498276 0
-9.99997384311 1
-9.99997093679 1
-9.99996770754 2
-9.99997093679 3
-9.99997384311 3
-9.99999401614 1
-9.99999335127 1
-9.99999261252 2
-9.99999401614 2
-9.99999515307 2
-9.99999401614 0
-9.99999461453 3
-9.99999515307 3
-9.99999563777 3
-9.99999607399 3
-9.99999681993 0
-9.99999830998 0
-9.9999981222 1
-9.99999791356 0
-9.99999791356 0
-9.9999981222 1
-9.99999791356 0
-9.99999952269 2
-9.99999910186 1
-9.99999900206 1
-9.99999889118 0
-9.99999941073 2
-9.99999952269 2
-9.99999961338 2
-9.99999968684 2
-9.9998063674 0
-9.99987295765 2
-9.9998063674 0
-9.9998431576 0
-9.9998970957 2
-9.99987295765 0
-9.99988566189 3
-9.99995570307 2
-9.99996411949 2
-9.99996411949 0
-9.9999764588 2
-9.99998874032 0
-9.99998455462 0
-9.99998748924 0
-9.99993248449 0
-9.99996411949 2
-9.99999179169 2
-9.99999335127 2
-9.99999461453 2
-9.99999461453 0
-9.99999563777 0
-9.99999713794 0
-9.9999981222 0
-9.9999981222 0
-9.99999946965 2
-9.99999900206 0
-9.99999934525 2
-9.99999946965 2
-9.99999957042 2
-9.99999965204 2
-9.99985884184 1
-9.9998431576 1
-9.99982573066 0
-9.9998431576 3
-9.99985884184 3
-9.99995078119 2
-9.99996013277 2
-9.99996411949 3
-9.99996770754 3
-9.99996770754 1
-9.99996411949 1
-9.99996013277 2
-9.99982573066 0
-9.9998431576 3
-9.99985884184 0
-9.99987295765 3
-9.99988566189 3
-9.9998970957 3
-9.99990738613 1
-9.9998970957 1
-9.99988566189 0
-9.99993923604 2
-9.99994531244 3
-9.99995078119 3
-9.99995570307 3
-9.99996013277 3
-9.99997881292 2
-9.99997384311 1
-9.99997093679 1
-9.99996770754 0
-9.99997093679 3
-9.99997384311 3
-9.99998609915 2
-9.99998874032 2
-9.99998609915 0
-9.99998748924 3
-9.99998874032 0
-9.99996770754 1
-9.99996411949 1
-9.99996013277 1
-9.99995570307 1
-9.99995078119 1
-9.99994531244 1
-9.99993923604 0
-9.99994531244 3
-9.99995078119 3
-9.99995570307 3
-9.99996013277 3
-9.99996411949 3
-9.99996770754 3
-9.99999261252 1
-9.99999179169 1
-9.99999087966 2
-9.99999179169 3
-9.99999261252 3
-9.99999335127 3
-9.99999401614 2
-9.99999515307 0
-9.99999607399 0
-9.99999646659 3
-9.99999681993 3
-9.99999742415 0
-9.99999863109 1
-9.99999847898 1
-9.99999830998 0
-9.99999847898 1
-9.99999830998 0
-9.99999847898 3
-9.99999863109 3
-9.99999941073 1
-9.99999934525 1
-9.9999992725 1
-9.99999919167 1
-9.99999910186 0
-9.99999919167 3
-9.9999992725 3
-9.99999934525 3
-9.99999941073 3
-9.99999946965 3
-9.99999952269 3
-9.99999957042 3
-9.99999961338 3
-9.9998431576 0
-9.99987295765 0
-9.99994531244 2
-9.99995570307 2
-9.99995570307 2
-9.9998970957 0
-9.9998970957 0
-9.99993248449 2
-9.99996411949 0
-9.9999764588 2
-9.9999764588 0
-9.99997093679 0
-9.99998455462 2
-9.99998609915 3
-9.99998748924 3
-9.99998748924 0
-9.99997093679 0
-9.99996411949 0
-9.99994531244 0
-9.99995570307 0
-9.99996411949 0
-9.99997093679 0
-9.99998986628 2
-9.99999335127 2
-9.99999461453 2
-9.99999563777 2
-9.99999713794 2
-9.99999876798 0
-9.99999919167 0
-9.99999946965 0
-9.99999965204 0
-9.99988566189 1
-9.99987295765 1
-9.99985884184 0
-9.99987295765 3
-9.99988566189 0
-9.99993923604 2
-9.99995078119 2
-9.99996770754 1
-9.99996411949 1
-9.99996013277 1
-9.99995570307 1
-9.99995078119 1
-9.99994531244 1
-9.99993923604 1
-9.99993248449 1
-9.99992498276 1
-9.99991664752 1
-9.99990738613 0
-9.99992498276 1
-9.99991664752 1
-9.99990738613 0
-9.99991664752 3
-9.99992498276 3
-9.99997384311 2
-9.99996770754 0
-9.99997093679 3
-9.99997384311 3
-9.99997881292 0
-9.99997384311 0
-9.9999764588 3
-9.99997881292 3
-9.99998093163 3
-9.99998283846 3
-9.99998874032 0
-9.99998986628 1
-9.99998874032 0
-9.99998986628 3
-9.99999087966 3
-9.99997384311 0
-9.99996770754 0
-9.99996013277 1
-9.99995570307 1
-9.99995078119 0
-9.99996013277 0
-9.99996411949 3
-9.99996770754 0
-9.99997384311 0
-9.9999764588 3
-9.99997881292 3
-9.99998874032 2
-9.99999087966 2
-9.99999179169 3
-9.99999261252 3
-9.99999335127 3
-9.99999401614 2
-9.99999461453 3
-9.99999515307 3
-9.99999563777 3
-9.99999607399 3
-9.99999646659 3
-9.99999681993 3
-9.99999713794 3
-9.99999742415 3
-9.99999768173 3
-9.99999791356 3
-9.9999981222 3
-9.99999830998 3
-9.99999847898 3
-9.99999863109 3
-9.99999952269 1
-9.99999946965 1
-9.99999941073 1
-9.99999934525 1
-9.9999992725 0
-9.99999961338 1
-9.99999957042 1
-9.99999952269 0
-9.99999957042 3
-9.99999961338 3
-9.99999968684 0
-9.9998970957 0
-9.99987295765 0
-9.99993248449 2
-9.99994531244 2
-9.99996411949 0
-9.99995570307 0
-9.99991664752 0
-9.99991664752 0
-9.99997384311 1
-9.99997093679 2
-9.9999764588 0
-9.99997881292 0
-9.99998455462 0
-9.99998986628 0
-9.9999764588 0
-9.99997093679 0
-9.99998093163 0
-9.99998748924 2
-9.99998986628 2
-9.99999335127 2
-9.99999646659 0
-9.99999713794 0
-9.9999981222 0
-9.99999847898 0
-9.99999876798 0
-9.99999934525 0
-9.99999971815 0
-9.99990738613 0
-9.9998970957 1
-9.99988566189 0
-9.9998970957 3
-9.99990738613 3
-9.99991664752 3
-9.99992498276 3
-9.99993248449 3
-9.99993923604 3
-9.99994531244 3
-9.99995078119 3
-9.99996770754 0
-9.99996013277 0
-9.99999087966 2
-9.99998874032 2
-9.99992498276 0
-9.99993248449 3
-9.99993923604 3
-9.99992498276 0
-9.99996013277 2
-9.99996770754 2
-9.99998283846 1
-9.99998093163 1
-9.99997881292 0
-9.99998093163 3
-9.99998283846 3
-9.99998455462 3
-9.99998609915 3
-9.99999261252 2
-9.99998609915 0
-9.99999087966 0
-9.99999179169 3
-9.99999261252 3
-9.99999335127 3
-9.99999401614 3
-9.99997881292 0
-9.99998093163 3
-9.99998283846 3
-9.99998455462 3
-9.99998609915 3
-9.99999261252 2
-9.99997881292 1
-9.9999764588 1
-9.99997384311 0
-9.9999764588 3
-9.99997881292 3
-9.99998283846 0
-9.99998455462 3
-9.99998609915 3
-9.99998748924 3
-9.99998874032 3
-9.99998986628 3
-9.99999087966 3
-9.99999179169 3
-9.99999261252 3
-9.99999742415 1
-9.99999713794 1
-9.99999681993 0
-9.99999742415 0
-9.99999941073 2
-9.99999830998 0
-9.99999863109 0
-9.99999889118 0
-9.99999900206 3
-9.99999910186 3
-9.99999919167 3
-9.9999992725 3
-9.99999934525 3
-9.99999941073 0
-9.99999946965 3
-9.99999952269 3
-9.99999974634 2
-9.99999979453 2
-9.99999974634 0
-9.99991664752 0
-9.99991664752 0
-9.99994531244 0
-9.99998986628 2
-9.99998748924 2
-9.99993248449 0
-9.99993248449 0
-9.99995570307 2
-9.99996411949 2
-9.99998455462 0
-9.99998455462 0
-9.99999179169 2
-9.99998748924 0
-9.99999179169 0
-9.99999335127 0
-9.99999261252 2
-9.99998455462 0
-9.99999179169 2
-9.99998093163 0
-9.99998455462 0
-9.99999087966 0
-9.99999335127 0
-9.99999768173 0
-9.99999713794 0
-9.99999742415 3
-9.99999768173 0
-9.99999934525 2
-9.99999847898 0
-9.99999876798 0
-9.99999946965 0
-9.99999971815 2
-9.9999997717 2
-9.9999997717 0
-9.99992498276 0
-9.99993923604 1
-9.99993248449 1
-9.99992498276 0
-9.99996013277 1
-9.99995570307 1
-9.99995078119 0
-9.99995570307 3
-9.99996013277 3
-9.99996411949 3
-9.99996770754 3
-9.99997093679 3
-9.99997384311 3
-9.99998874032 1
-9.99998748924 1
-9.99998609915 2
-9.99993923604 0
-9.99995078119 1
-9.99994531244 1
-9.99993923604 0
-9.99994531244 3
-9.99995078119 3
-9.99995570307 3
-9.99996013277 3
-9.99998609915 0
-9.99998874032 1
-9.99998748924 1
-9.99998609915 0
-9.99998748924 3
-9.99998874032 3
-9.99998986628 3
-9.99999087966 3
-9.99998874032 0
-9.99998986628 3
-9.99999087966 3
-9.99999401614 0
-9.99999261252 1
-9.99999179169 1
-9.99999087966 2
-9.99998609915 0
-9.99998748924 3
-9.99998874032 3
-9.99998986628 3
-9.99999087966 3
-9.99999515307 2
-9.99999563777 3
-9.99999607399 3
-9.99998283846 0
-9.99998609915 0
-9.99999401614 1
-9.99999335127 1
-9.99999261252 1
-9.99999179169 0
-9.99999261252 3
-9.99999401614 0
-9.99999791356 0
-9.99999742415 0
-9.99999791356 0
-9.9999992725 2
-9.99999863109 0
-9.99999889118 0
-9.99999961338 2
-9.99999979453 1
-9.9999997717 1
-9.99999974634 2
-9.99999952269 0
-9.99999957042 3
-9.99999961338 3
-9.99999965204 3
-9.99999968684 3
-9.99999971815 3
-9.99999974634 3
-9.9999997717 3
-9.99999979453 0
-9.99994531244 0
-9.99993248449 0
-9.99995570307 2
-9.99996411949 0
-9.9999764588 0
-9.99998455462 2
-9.99995570307 0
-9.99994531244 0
-9.99995570307 0
-9.99998609915 1
-9.99998455462 2
-9.99998748924 0
-9.99998986628 0
-9.99999179169 0
-9.99999515307 2
-9.99998986628 1
-9.99998874032 1
-9.99998748924 0
-9.99998986628 0
-9.99999461453 2
-9.99998455462 0
-9.99999335127 0
-9.99999919167 2
-9.99999876798 0
-9.99999957042 2
-9.99999971815 2
-9.99999957042 0
-9.99999971815 0
-9.9999997717 0
-9.99999981508 0
-9.99996013277 1
-9.99995570307 1
-9.99995078119 0
-9.99993923604 0
-9.99994531244 3
-9.99995078119 3
-9.99997384311 1
-9.99997093679 1
-9.99996770754 0
-9.99997093679 3
-9.99997384311 3
-9.9999764588 3
-9.99997881292 0
-9.99998609915 2
-9.99998283846 2
-9.99996770754 1
-9.99996411949 1
-9.99996013277 0
-9.99995078119 0
-9.99995570307 3
-9.99996013277 0
-9.99997881292 2
-9.99998283846 2
-9.99999087966 1
-9.99998986628 1
-9.99998874032 0
-9.99998986628 3
-9.99999087966 0
-9.99999261252 2
-9.99999607399 2
-9.99999261252 0
-9.99999335127 3
-9.99999401614 3
-9.99999461453 3
-9.99999515307 3
-9.99999087966 0
-9.99998874032 0
-9.99999087966 0
-9.99999179169 3
-9.99999261252 3
-9.99999335127 3
-9.99999401614 3
-9.99998874032 1
-9.99998748924 1
-9.99998609915 0
-9.99998748924 3
-9.99998874032 3
-9.99998986628 3
-9.99999087966 3
-9.99999515307 1
-9.99999461453 1
-9.99999401614 0
-9.99999791356 2
-9.99999889118 1
-9.99999876798 1
-9.99999863109 2
-9.99999889118 2
-9.99999910186 2
-9.99999889118 0
-9.99999941073 2
-9.99999952269 2
-9.99999957042 3
-9.99999961338 3
-9.99999965204 3
-9.99999968684 1
-9.99999965204 1
-9.99999961338 0
-9.99999965204 3
-9.99999968684 3
-9.99999974634 0
-9.9999997717 3
-9.99999979453 0
-9.99999981508 3
-9.99999983357 0
-9.99996411949 0
-9.99995078119 0
-9.99997093679 0
-9.99998093163 0
-9.99998455462 2
-9.99998093163 2
-9.99996411949 0
-9.99996411949 0
-9.9999764588 2
-9.99998093163 2
-9.99998986628 2
-9.99999179169 2
-9.99999563777 2
-9.99999335127 0
-9.99999179169 0
-9.99999179169 0
-9.99999461453 0
-9.99998748924 0
-9.99999087966 0
-9.99999461453 0
-9.99999768173 2
-9.99999847898 2
-9.99999876798 2
-9.99999900206 2
-9.99999900206 0
-9.99999934525 2
-9.99999946965 2
-9.99999965204 0
-9.99999981508 0
-9.99996770754 0
-9.99999742415 1
-9.99999713794 1
-9.99999681993 2
-9.99999607399 1
-9.99999563777 1
-9.99999515307 2
-9.99997384311 0
-9.9999764588 3
-9.99997881292 3
-9.99998283846 0
-9.99998455462 1
-9.99998283846 1
-9.99998093163 1
-9.99997881292 1
-9.9999764588 1
-9.99997384311 1
-9.99997093679 1
-9.99996770754 0
-9.99997093679 3
-9.99997384311 1
-9.99997093679 1
-9.99996770754 0
-9.99997093679 3
-9.99997384311 3
-9.9999764588 3
-9.99997881292 3
-9.99998093163 3
-9.99998283846 3
-9.99998455462 3
-9.99998609915 3
-9.99998748924 3
-9.99998874032 3
-9.99998986628 3
-9.99999087966 3
-9.99999515307 1
-9.99999461453 1
-9.99999401614 0
-9.99999681993 2
-9.99999607399 2
-9.99999261252 0
-9.99999401614 1
-9.99999335127 1
-9.99999261252 0
-9.99999607399 1
-9.99999563777 1
-9.99999515307 0
-9.99999461453 1
-9.99999401614 2
-9.99998874032 0
-9.99998986628 3
-9.99999087966 3
-9.99999681993 1
-9.99999646659 1
-9.99999607399 1
-9.99999563777 1
-9.99999515307 0
-9.99999742415 2
-9.99999791356 2
-9.9999981222 3
-9.99999830998 3
-9.99999847898 3
-9.99999863109 3
-9.99999876798 3
-9.99999889118 3
-9.99999900206 3
-9.99999910186 0
-9.99999919167 3
-9.9999992725 3
-9.99999934525 3
-9.99999941073 3
-9.99999979453 1
-9.9999997717 1
-9.99999974634 1
-9.99999971815 1
-9.99999968684 0
-9.99999989081 1
-9.99999987867 1
-9.99999986519 1
-9.99999985021 1
-9.99999983357 0
-9.99999985021 3
-9.99999986519 3
-9.99997093679 0
-9.99997384311 3
-9.99999646659 2
-9.99999563777 2
-9.99999461453 2
-9.99998093163 0
-9.99997093679 0
-9.9999764588 0
-9.9999764588 0
-9.99998986628 0
-9.99999461453 0
-9.99999646659 2
-9.99999563777 2
-9.99999335127 0
-9.99999461453 2
-9.99999335127 2
-9.99998986628 0
-9.99999646659 0
-9.99999563777 0
-9.99999713794 2
-9.99999768173 2
-9.99999900206 0
-9.99999919167 0
-9.99999941073 0
-9.99999971815 2
-9.99999987867 0
-9.99999985021 0
-9.99999987867 0
-9.99997384311 0
-9.99999681993 1
-9.99999646659 1
-9.99999607399 1
-9.99999563777 1
-9.99999515307 1
-9.99999461453 1
-9.99999401614 1
-9.99999335127 1
-9.99999261252 1
-9.99999179169 1
-9.99999087966 1
-9.99998986628 1
-9.99998874032 1
-9.99998748924 1
-9.99998609915 1
-9.99998455462 1
-9.99998283846 0
-9.99997881292 1
-9.9999764588 1
-9.99997384311 0
-9.99997881292 0
-9.99998093163 3
-9.99998283846 1
-9.99998093163 1
-9.99997881292 0
-9.99998093163 3
-9.99998283846 3
-9.99999607399 2
-9.99999261252 1
-9.99999179169 1
-9.99999087966 0
-9.99999179169 3
-9.99999261252 3
-9.99999335127 3
-9.99999401614 3
-9.99999461453 3
-9.99999515307 0
-9.99999563777 3
-9.99999607399 1
-9.99999563777 1
-9.99999515307 1
-9.99999461453 1
-9.99999401614 0
-9.99999863109 1
-9.99999847898 1
-9.99999830998 2
-9.99999515307 1
-9.99999461453 1
-9.99999401614 1
-9.99999335127 1
-9.99999261252 1
-9.99999179169 1
-9.99999087966 0
-9.99999179169 3
-9.99999261252 3
-9.99999742415 1
-9.99999713794 1
-9.99999681993 0
-9.99999607399 0
-9.99999646659 3
-9.99999681993 3
-9.99999713794 3
-9.99999742415 3
-9.99999910186 1
-9.99999900206 1
-9.99999889118 2
-9.99999900206 3
-9.99999910186 0
-9.9999992725 0
-9.99999934525 3
-9.99999941073 3
-9.99999946965 0
-9.99999952269 3
-9.99999961338 2
-9.99999965204 3
-9.99999968684 3
-9.99999971815 2
-9.99999974634 3
-9.99999986519 2
-9.99999987867 3
-9.99999989081 0
-9.99999986519 0
-9.99999989081 0
-9.9999764588 0
-9.99999461453 0
-9.99998093163 0
-9.9999764588 0
-9.99998093163 0
-9.99999563777 2
-9.99999335127 0
-9.99999179169 0
-9.99999515307 0
-9.99999607399 0
-9.99999461453 0
-9.9999981222 2
-9.99999461453 0
-9.99999179169 0
-9.99999713794 0
-9.99999646659 0
-9.99999713794 0
-9.99999876798 2
-9.99999910186 2
-9.99999957042 2
-9.99999968684 2
-9.99999985021 2
-9.99999990173 0
-9.99997881292 0
-9.99998093163 3
-9.99998283846 3
-9.99999681993 1
-9.99999646659 1
-9.99999607399 1
-9.99999563777 1
-9.99999515307 0
-9.99999681993 1
-9.99999646659 1
-9.99999607399 2
-9.99999401614 1
-9.99999335127 1
-9.99999261252 1
-9.99999179169 1
-9.99999087966 2
-9.99998283846 0
-9.99997881292 0
-9.99998283846 0
-9.99998455462 3
-9.99998609915 3
-9.99999791356 2
-9.99999607399 1
-9.99999563777 1
-9.99999515307 1
-9.99999461453 1
-9.99999401614 0
-9.99999261252 0
-9.99999681993 1
-9.99999646659 1
-9.99999607399 1
-9.99999563777 0
-9.99999607399 3
-9.99999646659 3
-9.99999681993 1
-9.99999646659 0
-9.99999607399 1
-9.99999563777 1
-9.99999515307 0
-9.99999830998 1
-9.9999981222 1
-9.99999791356 2
-9.99999607399 1
-9.99999563777 1
-9.99999515307 0
-9.99999607399 2
-9.99999261252 0
-9.99999335127 3
-9.99999401614 3
-9.99999681993 2
-9.99999742415 0
-9.99999713794 1
-9.99999681993 0
-9.99999713794 3
-9.99999742415 0
-9.99999768173 3
-9.99999791356 3
-9.9999981222 3
-9.99999830998 3
-9.99999847898 3
-9.99999863109 3
-9.99999876798 3
-9.99999889118 3
-9.99999900206 3
-9.99999910186 3
-9.99999919167 3
-9.9999992725 3
-9.99999934525 3
-9.99999941073 3
-9.99999946965 3
-9.99999952269 3
-9.99999957042 3
-9.99999961338 3
-9.99999965204 3
-9.99999968684 3
-9.99999983357 2
-9.99999985021 3
-9.99999986519 2
-9.99999987867 3
-9.99999989081 3
-9.99999990173 3
-9.99999991155 0
-9.99998093163 0
-9.99999563777 2
-9.99999461453 0
-9.99999335127 0
-9.99998986628 2
-9.99998455462 0
-9.99998455462 0
-9.99998748924 0
-9.99999768173 2
-9.99999646659 0
-9.99999563777 0
-9.99999461453 0
-9.99999713794 0
-9.99999646659 0
-9.99999646659 0
-9.99999563777 0
-9.99999607399 3
-9.99999768173 2
-9.99999646659 0
-9.99999563777 0
-9.99999563777 2
-9.99999335127 0
-9.99999646659 2
-9.99999713794 2
-9.99999713794 0
-9.99999768173 0
-9.99999847898 0
-9.99999876798 0
-9.99999900206 0
-9.99999919167 0
-9.99999934525 0
-9.99999965204 0
-9.99999981508 2
-9.99999985021 2
-9.99999990173 0
-9.9999999204 0
-9.99998283846 0
-9.99998455462 3
-9.99998609915 3
-9.99998748924 3
-9.99998874032 3
-9.99998986628 3
-9.99999087966 3
-9.99999179169 3
-9.99999261252 3
-9.99999335127 3
-9.99999401614 3
-9.99999461453 3
-9.99999515307 3
-9.99999563777 1
-9.99999515307 0
-9.99999401614 0
-9.99998874032 1
-9.99998748924 1
-9.99998609915 0
-9.99998748924 3
-9.99998874032 1
-9.99998748924 1
-9.99998609915 0
-9.99998874032 0
-9.99999742415 1
-9.99999713794 1
-9.99999681993 0
-9.99999607399 0
-9.99999563777 1
-9.99999515307 0
-9.99999791356 1
-9.99999768173 1
-9.99999742415 0
-9.99999681993 0
-9.99999681993 0
-9.99999830998 2
-9.99999681993 1
-9.99999646659 1
-9.99999607399 0
-9.99999791356 1
-9.99999768173 1
-9.99999742415 1
-9.99999713794 1
-9.99999681993 0
-9.99999646659 1
-9.99999607399 0
-9.99999563777 1
-9.99999515307 1
-9.99999461453 1
-9.99999401614 0
-9.99999461453 3
-9.99999515307 3
-9.99999563777 3
-9.99999607399 3
-9.99999646659 3
-9.99999681993 3
-9.99999713794 3
-9.99999742415 0
-9.99999791356 0
-9.9999981222 3
-9.99999830998 3
-9.99999863109 0
-9.99999889118 0
-9.99999910186 0
-9.9999992725 0
-9.99999941073 0
-9.99999946965 3
-9.99999952269 3
-9.99999974634 2
-9.99999968684 0
-9.99999971815 3
-9.99999974634 3
-9.9999997717 3
-9.99999979453 3
-9.99999981508 3
-9.99999983357 3
-9.99999991155 0
-9.99999992836 0
-9.99998748924 0
-9.99998986628 0
-9.99999335127 0
-9.99999563777 0
-9.99998986628 0
-9.99998986628 0
-9.99999768173 0
-9.99999713794 0
-9.99999952269 2
-9.9999981222 2
-9.99999713794 0
-9.99999646659 0
-9.99999713794 0
-9.99999646659 0
-9.99999563777 0
-9.99999713794 0
-9.99999768173 0
-9.9999981222 0
-9.99999847898 0
-9.99999863109 3
-9.99999900206 0
-9.99999919167 0
-9.99999957042 0
-9.99999971815 2
-9.99999981508 0
-9.99999993552 0
-9.99999087966 1
-9.99998986628 1
-9.99998874032 0
-9.99999087966 0
-9.99999179169 3
-9.99999261252 3
-9.99999401614 0
-9.99999681993 1
-9.99999646659 1
-9.99999607399 0
-9.99999646659 1
-9.99999607399 1
-9.99999563777 1
-9.99999515307 2
-9.99999087966 0
-9.99999179169 3
-9.99999261252 1
-9.99999179169 1
-9.99999087966 0
-9.99999863109 1
-9.99999847898 1
-9.99999830998 1
-9.9999981222 1
-9.99999791356 0
-9.99999768173 1
-9.99999742415 0
-9.99999768173 3
-9.99999791356 3
-9.9999981222 3
-9.99999830998 3
-9.99999847898 3
-9.99999863109 3
-9.99999952269 2
-9.99999941073 2
-9.99999946965 3
-9.99999952269 3
-9.99999791356 1
-9.99999768173 1
-9.99999742415 0
-9.99999681993 0
-9.99999713794 3
-9.99999742415 3
-9.99999768173 3
-9.99999791356 1
-9.99999768173 1
-9.99999742415 0
-9.99999681993 0
-9.99999713794 3
-9.99999742415 3
-9.99999681993 1
-9.99999646659 1
-9.99999607399 0
-9.99999646659 3
-9.99999681993 3
-9.99999742415 0
-9.99999791356 0
-9.99999830998 0
-9.99999863109 0
-9.9999992725 1
-9.99999919167 1
-9.99999910186 0
-9.9999992725 0
-9.99999974634 1
-9.99999971815 1
-9.99999968684 1
-9.99999965204 1
-9.99999961338 0
-9.99999965204 3
-9.99999968684 3
-9.99999971815 3
-9.99999974634 3
-9.99999986519 1
-9.99999985021 1
-9.99999983357 0
-9.99999985021 3
-9.99999986519 3
-9.999999953 1
-9.99999994777 1
-9.99999994197 0
-9.99999179169 0
-9.99999179169 0
-9.99999335127 0
-9.99999401614 3
-9.99999461453 0
-9.99999713794 0
-9.99999646659 0
-9.99999461453 2
-9.99999179169 0
-9.99999335127 0
-9.99999179169 0
-9.99999847898 0
-9.9999981222 0
-9.99999768173 0
-9.99999847898 0
-9.99999946965 2
-9.99999934525 2
-9.99999713794 0
-9.99999768173 0
-9.9999981222 0
-9.99999768173 0
-9.99999742415 1
-9.99999713794 0
-9.99999768173 0
-9.99999646659 0
-9.99999713794 0
-9.99999768173 0
-9.9999981222 0
-9.99999876798 0
-9.99999934525 0
-9.9999997717 0
-9.99999965204 0
-9.99999987867 0
-9.99999987867 0
-9.99999994777 0
-9.99999261252 0
-9.99999401614 1
-9.99999335127 1
-9.99999261252 0
-9.99999401614 0
-9.99999515307 0
-9.99999742415 0
-9.99999681993 0
-9.99999515307 1
-9.99999461453 1
-9.99999401614 1
-9.99999335127 1
-9.99999261252 0
-9.99999401614 0
-9.99999261252 0
-9.99999889118 1
-9.99999876798 1
-9.99999863109 0
-9.99999830998 0
-9.99999791356 0
-9.9999992725 2
-9.99999863109 0
-9.99999876798 3
-9.99999889118 3
-9.99999941073 1
-9.99999934525 1
-9.9999992725 1
-9.99999919167 1
-9.99999910186 2
-9.99999830998 1
-9.9999981222 1
-9.99999791356 1
-9.99999768173 1
-9.99999742415 0
-9.99999791356 0
-9.99999830998 0
-9.99999791356 0
-9.99999742415 0
-9.99999791356 0
-9.99999742415 1
-9.99999713794 1
-9.99999681993 0
-9.99999742415 0
-9.99999791356 0
-9.99999830998 0
-9.99999910186 1
-9.99999900206 1
-9.99999889118 0
-9.99999961338 1
-9.99999957042 1
-9.99999952269 1
-9.99999946965 1
-9.99999941073 0
-9.99999979453 0
-9.99999981508 3
-9.99999983357 2
-9.99999968684 0
-9.99999992836 1
-9.9999999204 1
-9.99999991155 1
-9.99999990173 1
-9.99999989081 0
-9.99999991155 1
-9.99999990173 1
-9.99999989081 0
-9.99999996193 1
-9.9999999577 1
-9.999999953 0
-9.99999461453 0
-9.99999335127 0
-9.99999563777 0
-9.99999563777 0
-9.99999335127 0
-9.99999900206 0
-9.99999876798 0
-9.99999889118 3
-9.9999981222 0
-9.99999919167 2
-9.99999876798 0
-9.99999934525 2
-9.99999919167 2
-9.99999900206 2
-9.9999981222 0
-9.99999847898 0
-9.9999981222 0
-9.9999981222 0
-9.99999768173 0
-9.9999981222 0
-9.99999900206 2
-9.99999900206 0
-9.99999965204 0
-9.99999957042 0
-9.99999981508 0
-9.99999981508 2
-9.99999971815 0
-9.99999990173 0
-9.99999990173 0
-9.99999996573 0
-9.99999607399 1
-9.99999563777 1
-9.99999515307 0
-9.99999401614 0
-9.99999681993 2
-9.99999607399 0
-9.99999742415 1
-9.99999713794 1
-9.99999681993 1
-9.99999646659 1
-9.99999607399 0
-9.99999515307 1
-9.99999461453 1
-9.99999401614 0
-9.99999461453 3
-9.99999515307 3
-9.99999830998 2
-9.99999910186 0
-9.99999889118 0
-9.99999863109 1
-9.99999847898 1
-9.99999830998 0
-9.99999910186 1
-9.99999900206 1
-9.99999889118 0
-9.99999900206 3
-9.99999910186 3
-9.9999992725 1
-9.99999919167 1
-9.99999910186 1
-9.99999900206 1
-9.99999889118 1
-9.99999876798 1
-9.99999863109 1
-9.99999847898 1
-9.99999830998 0
-9.99999910186 1
-9.99999900206 1
-9.99999889118 1
-9.99999876798 1
-9.99999863109 0
-9.99999847898 1
-9.99999830998 0
-9.99999847898 3
-9.99999863109 3
-9.99999830998 0
-9.9999981222 1
-9.99999791356 0
-9.9999981222 3
-9.99999830998 3
-9.99999863109 1
-9.99999847898 1
-9.99999830998 0
-9.99999847898 3
-9.99999863109 3
-9.99999876798 3
-9.99999889118 3
-9.99999910186 0
-9.99999968684 0
-9.99999961338 0
-9.99999986519 1
-9.99999985021 1
-9.99999983357 0
-9.99999981508 1
-9.99999979453 1
-9.9999997717 1
-9.99999974634 0
-9.9999997717 3
-9.99999979453 3
-9.99999981508 3
-9.99999983357 3
-9.99999991155 0
-9.99999992836 1
-9.9999999204 1
-9.99999991155 0
-9.99999996916 0
-9.99999997224 3
-9.99999997502 3
-9.99999646659 0
-9.99999563777 0
-9.99999515307 1
-9.99999461453 0
-9.99999646659 2
-9.99999768173 0
-9.99999713794 0
-9.99999646659 0
-9.99999461453 0
-9.9999981222 2
-9.99999876798 0
-9.99999847898 0
-9.99999900206 0
-9.99999919167 0
-9.99999934525 0
-9.99999919167 0
-9.99999876798 0
-9.99999847898 0
-9.99999900206 0
-9.99999876798 0
-9.99999876798 0
-9.99999830998 0
-9.99999847898 0
-9.99999876798 0
-9.99999900206 0
-9.99999971815 0
-9.99999965204 0
-9.99999981508 0
-9.9999997717 0
-9.99999981508 0
-9.99999994197 1
-9.99999993552 0
-9.99999997224 0
-9.99999997752 0
-9.99999681993 0
-9.99999607399 0
-9.99999515307 0
-9.99999563777 3
-9.99999607399 3
-9.99999830998 1
-9.9999981222 1
-9.99999791356 0
-9.99999768173 1
-9.99999742415 0
-9.99999681993 0
-9.99999646659 1
-9.99999607399 1
-9.99999563777 1
-9.99999515307 0
-9.99999563777 3
-9.99999607399 3
-9.99999791356 2
-9.9999981222 3
-9.99999830998 3
-9.99999910186 1
-9.99999900206 1
-9.99999889118 0
-9.99999876798 1
-9.99999863109 0
-9.99999968684 2
-9.99999910186 0
-9.9999992725 0
-9.99999934525 3
-9.99999941073 0
-9.99999934525 1
-9.9999992725 0
-9.99999934525 3
-9.99999941073 3
-9.99999889118 0
-9.99999863109 0
-9.9999992725 1
-9.99999919167 1
-9.99999910186 0
-9.99999889118 0
-9.99999900206 3
-9.99999910186 3
-9.99999889118 0
-9.99999900206 3
-9.99999910186 3
-9.99999889118 1
-9.99999876798 1
-9.99999863109 0
-9.9999992725 1
-9.99999919167 1
-9.99999910186 1
-9.99999900206 1
-9.99999889118 0
-9.99999900206 3
-9.99999910186 0
-9.99999919167 3
-9.9999992725 3
-9.99999974634 0
-9.99999968684 0
-9.99999971815 3
-9.99999974634 3
-9.99999986519 1
-9.99999985021 1
-9.99999983357 0
-9.99999979453 0
-9.99999981508 3
-9.99999983357 0
-9.99999985021 3
-9.99999986519 3
-9.99999987867 3
-9.99999989081 3
-9.99999994197 0
-9.99999994777 3
-9.999999953 3
-9.99999997502 0
-9.99999997977 0
-9.99999713794 0
-9.99999681993 1
-9.99999646659 0
-9.9999981222 0
-9.99999713794 0
-9.99999563777 0
-9.99999768173 2
-9.99999876798 0
-9.99999965204 2
-9.99999934525 0
-9.99999946965 0
-9.99999934525 0
-9.99999876798 0
-9.99999919167 0
-9.99999900206 0
-9.99999919167 0
-9.99999919167 0
-9.99999934525 0
-9.99999919167 0
-9.99999952269 2
-9.99999974634 1
-9.99999971815 0
-9.99999985021 0
-9.99999985021 0
-9.99999987867 0
-9.99999994777 0
-9.9999999577 0
-9.99999997224 2
-9.99999998179 0
-9.99999742415 0
-9.99999681993 0
-9.99999910186 1
-9.99999900206 1
-9.99999889118 1
-9.99999876798 1
-9.99999863109 1
-9.99999847898 1
-9.99999830998 0
-9.99999791356 1
-9.99999768173 1
-9.99999742415 0
-9.99999681993 1
-9.99999646659 1
-9.99999607399 0
-9.99999646659 3
-9.99999681993 3
-9.99999713794 3
-9.99999742415 3
-9.99999768173 3
-9.99999791356 3
-9.9999981222 3
-9.99999830998 3
-9.99999941073 2
-9.99999889118 0
-9.99999961338 1
-9.99999957042 1
-9.99999952269 1
-9.99999946965 1
-9.99999941073 0
-9.99999952269 0
-9.99999941073 0
-9.99999946965 3
-9.99999952269 3
-9.99999910186 1
-9.99999900206 1
-9.99999889118 0
-9.99999900206 3
-9.99999910186 3
-9.9999992725 0
-9.99999919167 1
-9.99999910186 0
-9.99999919167 3
-9.9999992725 0
-9.99999941073 1
-9.99999934525 1
-9.9999992725 0
-9.99999961338 1
-9.99999957042 1
-9.99999952269 1
-9.99999946965 1
-9.99999941073 0
-9.99999968684 1
-9.99999965204 1
-9.99999961338 2
-9.9999992725 0
-9.99999934525 3
-9.99999941073 3
-9.99999946965 3
-9.99999952269 3
-9.99999974634 0
-9.99999991155 1
-9.99999990173 1
-9.99999989081 1
-9.99999987867 1
-9.99999986519 0
-9.99999991155 2
-9.99999986519 0
-9.99999989081 0
-9.99999990173 3
-9.99999991155 3
-9.999999953 0
-9.99999996193 0
-9.99999996916 2
-9.99999998361 0
-9.99999713794 0
-9.99999889118 0
-9.99999847898 0
-9.9999981222 0
-9.99999768173 0
-9.99999646659 0
-9.99999713794 0
-9.99999768173 0
-9.99999847898 0
-9.99999934525 2
-9.99999961338 2
-9.99999957042 0
-9.99999957042 0
-9.99999946965 0
-9.99999919167 0
-9.99999919167 0
-9.99999965204 0
-9.99999957042 0
-9.99999946965 0
-9.99999957042 2
-9.99999934525 0
-9.99999957042 0
-9.9999997717 0
-9.9999999204 0
-9.99999990173 0
-9.99999987867 0
-9.99999989081 3
-9.99999990173 3
-9.99999990173 0
-9.9999999204 0
-9.99999996573 2
-9.99999998525 0
-9.99999791356 1
-9.99999768173 1
-9.99999742415 0
-9.99999768173 3
-9.99999791356 3
-9.99999889118 2
-9.99999900206 0
-9.99999889118 1
-9.99999876798 1
-9.99999863109 0
-9.99999847898 1
-9.99999830998 0
-9.99999791356 0
-9.99999742415 1
-9.99999713794 1
-9.99999681993 0
-9.99999742415 0
-9.99999791356 0
-9.99999889118 1
-9.99999876798 1
-9.99999863109 0
-9.9999992725 2
-9.99999961338 1
-9.99999957042 1
-9.99999952269 2
-9.99999961338 0
-9.99999968684 1
-9.99999965204 1
-9.99999961338 0
-9.99999957042 1
-9.99999952269 0
-9.99999957042 3
-9.99999961338 3
-9.99999965204 3
-9.99999968684 2
-9.99999941073 1
-9.99999934525 1
-9.9999992725 0
-9.99999992836 2
-9.9999992725 0
-9.99999989081 2
-9.99999986519 2
-9.99999974634 1
-9.99999971815 1
-9.99999968684 0
-9.99999961338 0
-9.99999952269 0
-9.99999957042 3
-9.99999961338 1
-9.99999957042 1
-9.99999952269 1
-9.99999946965 1
-9.99999941073 0
-9.99999946965 3
-9.99999952269 3
-9.99999957042 3
-9.99999961338 0
-9.99999979453 0
-9.99999992836 0
-9.99999991155 0
-9.99999990173 1
-9.99999989081 0
-9.99999991155 0
-9.9999999204 3
-9.99999992836 1
-9.9999999204 1
-9.99999991155 0
-9.9999999204 3
-9.99999992836 0
-9.99999993552 3
-9.99999994197 3
-9.99999994777 3
-9.999999953 3
-9.9999999577 3
-9.99999996193 3
-9.99999998672 0
-9.99999768173 0
-9.99999876798 2
-9.99999863109 2
-9.99999768173 0
-9.99999713794 0
-9.99999768173 0
-9.99999791356 3
-9.9999981222 0
-9.99999876798 2
-9.99999919167 2
-9.99999946965 2
-9.99999965204 0
-9.99999965204 0
-9.99999965204 2
-9.99999946965 0
-9.99999934525 0
-9.9999999204 2
-9.99999987867 2
-9.99999985021 2
-9.9999997717 0
-9.99999971815 0
-9.99999965204 0
-9.99999946965 0
-9.99999965204 0
-9.99999993552 0
-9.9999999204 0
-9.9999999577 0
-9.99999998805 0
-9.99999830998 1
-9.9999981222 1
-9.99999791356 0
-9.9999981222 3
-9.99999830998 3
-9.99999847898 3
-9.99999863109 3
-9.99999910186 1
-9.99999900206 1
-9.99999889118 1
-9.99999876798 1
-9.99999863109 1
-9.99999847898 1
-9.99999830998 1
-9.9999981222 1
-9.99999791356 0
-9.99999742415 0
-9.99999791356 0
-9.99999830998 0
-9.99999847898 3
-9.99999863109 3
-9.99999876798 3
-9.99999889118 3
-9.99999900206 3
-9.99999910186 3
-9.99999919167 3
-9.9999992725 3
-9.99999934525 3
-9.99999941073 3
-9.99999946965 3
-9.99999952269 3
-9.99999957042 3
-9.99999961338 3
-9.99999965204 3
-9.99999968684 0
-9.99999971815 3
-9.99999974634 3
-9.99999968684 0
-9.99999961338 1
-9.99999957042 1
-9.99999952269 0
-9.99999941073 0
-9.99999991155 1
-9.99999990173 1
-9.99999989081 1
-9.99999987867 1
-9.99999986519 1
-9.99999985021 1
-9.99999983357 1
-9.99999981508 1
-9.99999979453 0
-9.99999974634 0
-9.99999971815 1
-9.99999968684 0
-9.99999974634 1
-9.99999971815 1
-9.99999968684 1
-9.99999965204 1
-9.99999961338 1
-9.99999957042 1
-9.99999952269 0
-9.99999957042 3
-9.99999961338 3
-9.99999968684 0
-9.99999971815 3
-9.99999974634 3
-9.99999997502 1
-9.99999997224 1
-9.99999996916 1
-9.99999996573 1
-9.99999996193 1
-9.9999999577 1
-9.999999953 1
-9.99999994777 1
-9.99999994197 0
-9.99999992836 0
-9.99999993552 3
-9.99999994197 3
-9.99999996916 1
-9.99999996573 1
-9.99999996193 0
-9.99999996573 3
-9.99999996916 3
-9.99999998925 0
iterations 151
