-9.20233556923 1
-9.11370618803 1
-9.01522909782 1
-8.90581010868 1
-8.78423345409 1
-8.64914828233 1
-8.49905364703 1
-8.33228183003 1
-8.14697981115 1
-7.94108867905 1
-7.7123207545 1
-7.45813417167 1
-7.17570463519 2
-4.68559 1
-4.0951 1
-3.439 2
-1.9 2
-9.11370618803 0
-8.33228183003 2
-6.8618940391 2
-4.0951 2
-2.71 2
-1.0 2
-9.35389181108 1
-9.28210201231 1
-9.20233556923 0
-8.49905364703 1
-8.33228183003 1
-8.14697981115 2
-7.7123207545 2
-7.17570463519 2
-6.513215599 2
-3.439 1
-2.71 1
-1.9 1
-1.0 1
0.0 -1
-7.94108867905 2
-7.45813417167 2
-6.8618940391 2
-6.12579511 2
-4.0951 0
-2.71 0
-9.77471600455 2
-8.49905364703 1
-8.33228183003 1
-8.14697981115 1
-7.94108867905 1
-7.7123207545 1
-7.45813417167 1
-7.17570463519 1
-6.8618940391 1
-6.513215599 1
-6.12579511 1
-5.6953279 1
-5.217031 1
-4.68559 0
-3.439 0
-6.513215599 2
-9.7496844495 2
-8.33228183003 0
-6.12579511 0
-5.217031 0
-4.0951 0
-6.12579511 2
-9.72187161056 2
-9.65663161797 2
-8.49905364703 0
-8.33228183003 1
-8.14697981115 1
-7.94108867905 1
-7.7123207545 1
-7.45813417167 1
-7.17570463519 1
-6.8618940391 1
-6.513215599 0
-5.6953279 0
-5.217031 1
-4.68559 0
-5.217031 3
-5.6953279 3
-9.69096845617 2
-9.61847957552 2
-8.33228183003 0
-7.45813417167 0
-5.217031 0
-9.65663161797 1
-9.61847957552 1
-9.57608841725 1
-9.52898713028 1
-9.47665236697 2
-8.49905364703 0
-8.14697981115 1
-7.94108867905 1
-7.7123207545 0
-7.94108867905 3
-8.14697981115 3
-8.49905364703 2
-5.6953279 0
-6.12579511 3
-6.513215599 3
-9.69096845617 0
-9.41850262997 2
-7.94108867905 0
-8.33228183003 2
-6.12579511 0
-6.8618940391 0
-9.72187161056 0
-9.47665236697 1
-9.41850262997 1
-9.35389181108 1
-9.28210201231 1
-9.20233556923 2
-8.49905364703 1
-8.33228183003 1
-8.14697981115 0
-8.49905364703 2
-8.14697981115 2
-6.513215599 0
-7.17570463519 0
-9.69096845617 2
-9.41850262997 0
-9.11370618803 2
-8.33228183003 0
-8.33228183003 2
-7.94108867905 2
-6.8618940391 0
-9.65663161797 1
-9.61847957552 1
-9.57608841725 1
-9.52898713028 1
-9.47665236697 0
-9.01522909782 1
-8.90581010868 1
-8.78423345409 1
-8.64914828233 1
-8.49905364703 0
-8.33228183003 1
-8.14697981115 1
-7.94108867905 1
-7.7123207545 1
-7.45813417167 1
-7.17570463519 0
-7.45813417167 3
-7.7123207545 3
-9.61847957552 0
-9.52898713028 0
-9.11370618803 0
-8.90581010868 0
-8.64914828233 0
-7.94108867905 0
-7.45813417167 0
-9.81751996369 2
-9.65663161797 0
-9.57608841725 0
-9.20233556923 0
-9.01522909782 0
-8.78423345409 0
-8.49905364703 1
-8.33228183003 1
-8.14697981115 0
-7.94108867905 1
-7.7123207545 0
-7.94108867905 3
-8.14697981115 3
-9.7972444041 2
-9.69096845617 0
-8.90581010868 0
-8.33228183003 0
-7.94108867905 0
-9.77471600455 1
-9.7496844495 1
-9.72187161056 0
-9.47665236697 1
-9.41850262997 1
-9.35389181108 1
-9.28210201231 1
-9.20233556923 1
-9.11370618803 1
-9.01522909782 0
-8.90581010868 1
-8.78423345409 1
-8.64914828233 1
-8.49905364703 0
-8.14697981115 0
-8.33228183003 3
-8.49905364703 3
-9.7972444041 0
-9.52898713028 0
-9.41850262997 0
-9.11370618803 0
-8.64914828233 0
-8.64914828233 0
-9.81751996369 0
-9.65663161797 1
-9.61847957552 1
-9.57608841725 0
-9.52898713028 1
-9.47665236697 0
-9.35389181108 1
-9.28210201231 1
-9.20233556923 0
-9.01522909782 1
-8.90581010868 1
-8.78423345409 0
-8.90581010868 3
-9.01522909782 1
-8.90581010868 1
-8.78423345409 0
iterations 35
