-1218.9999999999 1
-1243.4999999999 1
-1265.9999999999 1
-1286.4999999999 1
-1304.9999999999 1
-1321.4999999999 1
-1335.99999999989 1
-1358.99999999989 1
-1379.99999999989 2
-1192.49999999991 0
-1324.4999999999 0
-1398.99999999989 0
-1163.99999999991 0
-1201.49999999991 1
-1236.9999999999 1
-1258.4999999999 1
-1277.9999999999 1
-1295.4999999999 1
-1310.9999999999 0
-1415.99999999989 0
-1094.99999999991 0
-1247.9999999999 0
-1430.99999999989 0
-1023.99999999992 0
-1256.9999999999 0
-1259.9999999999 1
-1260.9999999999 3
-1447.99999999989 1
-1446.99999999989 1
-1443.99999999989 0
-950.99999999993 0
-1259.9999999999 0
-1450.99999999989 0
-875.99999999993 0
-1260.9999999999 0
-195.99999999999 1
-98.99999999999 1
0.0 -1
-1455.99999999989 0
-798.99999999994 0
-290.99999999998 0
-1458.99999999989 0
-719.99999999995 0
-638.99999999995 1
-555.99999999996 1
-470.99999999997 1
-383.99999999997 0
-386.99999999997 1
-387.99999999997 3
-1459.99999999989 0
iterations 18805
